-3.0000000000 -0.9999778949
-2.9900000000 -0.9999764591
-2.9800000000 -0.9999749349
-2.9700000000 -0.9999733171
-2.9600000000 -0.9999716003
-2.9500000000 -0.9999697788
-2.9400000000 -0.9999678466
-2.9300000000 -0.9999657975
-2.9200000000 -0.9999636247
-2.9100000000 -0.9999613212
-2.9000000000 -0.9999588798
-2.8900000000 -0.9999562926
-2.8800000000 -0.9999535514
-2.8700000000 -0.9999506478
-2.8600000000 -0.9999475726
-2.8500000000 -0.9999443165
-2.8400000000 -0.9999408694
-2.8300000000 -0.9999372208
-2.8200000000 -0.9999333599
-2.8100000000 -0.9999292749
-2.8000000000 -0.9999249539
-2.7900000000 -0.9999203840
-2.7800000000 -0.9999155519
-2.7700000000 -0.9999104436
-2.7600000000 -0.9999050443
-2.7500000000 -0.9998993387
-2.7400000000 -0.9998933105
-2.7300000000 -0.9998869428
-2.7200000000 -0.9998802178
-2.7100000000 -0.9998731169
-2.7000000000 -0.9998656205
-2.6900000000 -0.9998577083
-2.6800000000 -0.9998493588
-2.6700000000 -0.9998405496
-2.6600000000 -0.9998312573
-2.6500000000 -0.9998214573
-2.6400000000 -0.9998111240
-2.6300000000 -0.9998002305
-2.6200000000 -0.9997887488
-2.6100000000 -0.9997766494
-2.6000000000 -0.9997639018
-2.5900000000 -0.9997504738
-2.5800000000 -0.9997363320
-2.5700000000 -0.9997214414
-2.5600000000 -0.9997057655
-2.5500000000 -0.9996892663
-2.5400000000 -0.9996719038
-2.5300000000 -0.9996536366
-2.5200000000 -0.9996344214
-2.5100000000 -0.9996142131
-2.5000000000 -0.9995929645
-2.4900000000 -0.9995706266
-2.4800000000 -0.9995471483
-2.4700000000 -0.9995224761
-2.4600000000 -0.9994965547
-2.4500000000 -0.9994693261
-2.4400000000 -0.9994407303
-2.4300000000 -0.9994107045
-2.4200000000 -0.9993791836
-2.4100000000 -0.9993460996
-2.4000000000 -0.9993113821
-2.3900000000 -0.9992749577
-2.3800000000 -0.9992367500
-2.3700000000 -0.9991966798
-2.3600000000 -0.9991546648
-2.3500000000 -0.9991106192
-2.3400000000 -0.9990644542
-2.3300000000 -0.9990160776
-2.3200000000 -0.9989653933
-2.3100000000 -0.9989123021
-2.3000000000 -0.9988567008
-2.2900000000 -0.9987984822
-2.2800000000 -0.9987375353
-2.2700000000 -0.9986737452
-2.2600000000 -0.9986069924
-2.2500000000 -0.9985371533
-2.2400000000 -0.9984640999
-2.2300000000 -0.9983876995
-2.2200000000 -0.9983078148
-2.2100000000 -0.9982243034
-2.2000000000 -0.9981370182
-2.1900000000 -0.9980458070
-2.1800000000 -0.9979505121
-2.1700000000 -0.9978509707
-2.1600000000 -0.9977470143
-2.1500000000 -0.9976384687
-2.1400000000 -0.9975251542
-2.1300000000 -0.9974068847
-2.1200000000 -0.9972834683
-2.1100000000 -0.9971547068
-2.1000000000 -0.9970203954
-2.0900000000 -0.9968803231
-2.0800000000 -0.9967342719
-2.0700000000 -0.9965820171
-2.0600000000 -0.9964233269
-2.0500000000 -0.9962579623
-2.0400000000 -0.9960856771
-2.0300000000 -0.9959062175
-2.0200000000 -0.9957193222
-2.0100000000 -0.9955247219
-2.0000000000 -0.9953221396
-1.9900000000 -0.9951112900
-1.9800000000 -0.9948918795
-1.9700000000 -0.9946636063
-1.9600000000 -0.9944261599
-1.9500000000 -0.9941792210
-1.9400000000 -0.9939224614
-1.9300000000 -0.9936555439
-1.9200000000 -0.9933781223
-1.9100000000 -0.9930898407
-1.9000000000 -0.9927903340
-1.8900000000 -0.9924792272
-1.8800000000 -0.9921561357
-1.8700000000 -0.9918206649
-1.8600000000 -0.9914724102
-1.8500000000 -0.9911109566
-1.8400000000 -0.9907358789
-1.8300000000 -0.9903467415
-1.8200000000 -0.9899430980
-1.8100000000 -0.9895244914
-1.8000000000 -0.9890904538
-1.7900000000 -0.9886405064
-1.7800000000 -0.9881741593
-1.7700000000 -0.9876909114
-1.7600000000 -0.9871902502
-1.7500000000 -0.9866716522
-1.7400000000 -0.9861345820
-1.7300000000 -0.9855784929
-1.7200000000 -0.9850028266
-1.7100000000 -0.9844070129
-1.7000000000 -0.9837904702
-1.6900000000 -0.9831526048
-1.6800000000 -0.9824928111
-1.6700000000 -0.9818104719
-1.6600000000 -0.9811049579
-1.6500000000 -0.9803756277
-1.6400000000 -0.9796218284
-1.6300000000 -0.9788428946
-1.6200000000 -0.9780381492
-1.6100000000 -0.9772069033
-1.6000000000 -0.9763484558
-1.5900000000 -0.9754620939
-1.5800000000 -0.9745470929
-1.5700000000 -0.9736027163
-1.5600000000 -0.9726282160
-1.5500000000 -0.9716228321
-1.5400000000 -0.9705857934
-1.5300000000 -0.9695163171
-1.5200000000 -0.9684136092
-1.5100000000 -0.9672768644
-1.5000000000 -0.9661052664
-1.4900000000 -0.9648979882
-1.4800000000 -0.9636541918
-1.4700000000 -0.9623730290
-1.4600000000 -0.9610536411
-1.4500000000 -0.9596951593
-1.4400000000 -0.9582967050
-1.4300000000 -0.9568573899
-1.4200000000 -0.9553763164
-1.4100000000 -0.9538525777
-1.4000000000 -0.9522852583
-1.3900000000 -0.9506734341
-1.3800000000 -0.9490161729
-1.3700000000 -0.9473125346
-1.3600000000 -0.9455615717
-1.3500000000 -0.9437623294
-1.3400000000 -0.9419138462
-1.3300000000 -0.9400151544
-1.3200000000 -0.9380652801
-1.3100000000 -0.9360632443
-1.3000000000 -0.9340080624
-1.2900000000 -0.9318987458
-1.2800000000 -0.9297343013
-1.2700000000 -0.9275137324
-1.2600000000 -0.9252360394
-1.2500000000 -0.9229002199
-1.2400000000 -0.9205052697
-1.2300000000 -0.9180501830
-1.2200000000 -0.9155339530
-1.2100000000 -0.9129555727
-1.2000000000 -0.9103140355
-1.1900000000 -0.9076083355
-1.1800000000 -0.9048374685
-1.1700000000 -0.9020004325
-1.1600000000 -0.8990962281
-1.1500000000 -0.8961238597
-1.1400000000 -0.8930823359
-1.1300000000 -0.8899706700
-1.1200000000 -0.8867878811
-1.1100000000 -0.8835329947
-1.1000000000 -0.8802050432
-1.0900000000 -0.8768030670
-1.0800000000 -0.8733261150
-1.0700000000 -0.8697732454
-1.0600000000 -0.8661435267
-1.0500000000 -0.8624360382
-1.0400000000 -0.8586498709
-1.0300000000 -0.8547841284
-1.0200000000 -0.8508379276
-1.0100000000 -0.8468103994
-1.0000000000 -0.8427006897
-0.9900000000 -0.8385079605
-0.9800000000 -0.8342313898
-0.9700000000 -0.8298701736
-0.9600000000 -0.8254235258
-0.9500000000 -0.8208906796
-0.9400000000 -0.8162708880
-0.9300000000 -0.8115634250
-0.9200000000 -0.8067675860
-0.9100000000 -0.8018826889
-0.9000000000 -0.7969080749
-0.8900000000 -0.7918431094
-0.8800000000 -0.7866871825
-0.8700000000 -0.7814397103
-0.8600000000 -0.7761001353
-0.8500000000 -0.7706679275
-0.8400000000 -0.7651425850
-0.8300000000 -0.7595236348
-0.8200000000 -0.7538106338
-0.8100000000 -0.7480031692
-0.8000000000 -0.7421008597
-0.7900000000 -0.7361033559
-0.7800000000 -0.7300103410
-0.7700000000 -0.7238215319
-0.7600000000 -0.7175366795
-0.7500000000 -0.7111555696
-0.7400000000 -0.7046780236
-0.7300000000 -0.6981038987
-0.7200000000 -0.6914330894
-0.7100000000 -0.6846655273
-0.7000000000 -0.6778011819
-0.6900000000 -0.6708400614
-0.6800000000 -0.6637822131
-0.6700000000 -0.6566277239
-0.6600000000 -0.6493767207
-0.6500000000 -0.6420293712
-0.6400000000 -0.6345858837
-0.6300000000 -0.6270465085
-0.6200000000 -0.6194115371
-0.6100000000 -0.6116813038
-0.6000000000 -0.6038561848
-0.5900000000 -0.5959365997
-0.5800000000 -0.5879230106
-0.5700000000 -0.5798159234
-0.5600000000 -0.5716158872
-0.5500000000 -0.5633234949
-0.5400000000 -0.5549393832
-0.5300000000 -0.5464642328
-0.5200000000 -0.5378987684
-0.5100000000 -0.5292437586
-0.5000000000 -0.5205000163
-0.4900000000 -0.5116683981
-0.4800000000 -0.5027498049
-0.4700000000 -0.4937451810
-0.4600000000 -0.4846555148
-0.4500000000 -0.4754818381
-0.4400000000 -0.4662252258
-0.4300000000 -0.4568867962
-0.4200000000 -0.4474677100
-0.4100000000 -0.4379691706
-0.4000000000 -0.4283924235
-0.3900000000 -0.4187387556
-0.3800000000 -0.4090094952
-0.3700000000 -0.3992060115
-0.3600000000 -0.3893297138
-0.3500000000 -0.3793820511
-0.3400000000 -0.3693645115
-0.3300000000 -0.3592786219
-0.3200000000 -0.3491259467
-0.3100000000 -0.3389080875
-0.3000000000 -0.3286266827
-0.2900000000 -0.3182834060
-0.2800000000 -0.3078799662
-0.2700000000 -0.2974181061
-0.2600000000 -0.2868996017
-0.2500000000 -0.2763262614
-0.2400000000 -0.2656999249
-0.2300000000 -0.2550224624
-0.2200000000 -0.2442957738
-0.2100000000 -0.2335217871
-0.2000000000 -0.2227024579
-0.1900000000 -0.2118397681
-0.1800000000 -0.2009357252
-0.1700000000 -0.1899923603
-0.1600000000 -0.1790117279
-0.1500000000 -0.1679959043
-0.1400000000 -0.1569469865
-0.1300000000 -0.1458670907
-0.1200000000 -0.1347583516
-0.1100000000 -0.1236229208
-0.1000000000 -0.1124629656
-0.0900000000 -0.1012806677
-0.0800000000 -0.0900782221
-0.0700000000 -0.0788578352
-0.0600000000 -0.0676217245
-0.0500000000 -0.0563721161
-0.0400000000 -0.0451112442
-0.0300000000 -0.0338413494
-0.0200000000 -0.0225646773
-0.0100000000 -0.0112834773
-0.0000000000 -0.0000000010
0.0100000000 0.0112834773
0.0200000000 0.0225646773
0.0300000000 0.0338413494
0.0400000000 0.0451112442
0.0500000000 0.0563721161
0.0600000000 0.0676217245
0.0700000000 0.0788578352
0.0800000000 0.0900782221
0.0900000000 0.1012806677
0.1000000000 0.1124629656
0.1100000000 0.1236229208
0.1200000000 0.1347583516
0.1300000000 0.1458670907
0.1400000000 0.1569469865
0.1500000000 0.1679959043
0.1600000000 0.1790117279
0.1700000000 0.1899923603
0.1800000000 0.2009357252
0.1900000000 0.2118397681
0.2000000000 0.2227024579
0.2100000000 0.2335217871
0.2200000000 0.2442957738
0.2300000000 0.2550224624
0.2400000000 0.2656999249
0.2500000000 0.2763262614
0.2600000000 0.2868996017
0.2700000000 0.2974181061
0.2800000000 0.3078799662
0.2900000000 0.3182834060
0.3000000000 0.3286266827
0.3100000000 0.3389080875
0.3200000000 0.3491259467
0.3300000000 0.3592786219
0.3400000000 0.3693645115
0.3500000000 0.3793820511
0.3600000000 0.3893297138
0.3700000000 0.3992060115
0.3800000000 0.4090094952
0.3900000000 0.4187387556
0.4000000000 0.4283924235
0.4100000000 0.4379691706
0.4200000000 0.4474677100
0.4300000000 0.4568867962
0.4400000000 0.4662252258
0.4500000000 0.4754818381
0.4600000000 0.4846555148
0.4700000000 0.4937451810
0.4800000000 0.5027498049
0.4900000000 0.5116683981
0.5000000000 0.5205000163
0.5100000000 0.5292437586
0.5200000000 0.5378987684
0.5300000000 0.5464642328
0.5400000000 0.5549393832
0.5500000000 0.5633234949
0.5600000000 0.5716158872
0.5700000000 0.5798159234
0.5800000000 0.5879230106
0.5900000000 0.5959365997
0.6000000000 0.6038561848
0.6100000000 0.6116813038
0.6200000000 0.6194115371
0.6300000000 0.6270465085
0.6400000000 0.6345858837
0.6500000000 0.6420293712
0.6600000000 0.6493767207
0.6700000000 0.6566277239
0.6800000000 0.6637822131
0.6900000000 0.6708400614
0.7000000000 0.6778011819
0.7100000000 0.6846655273
0.7200000000 0.6914330894
0.7300000000 0.6981038987
0.7400000000 0.7046780236
0.7500000000 0.7111555696
0.7600000000 0.7175366795
0.7700000000 0.7238215319
0.7800000000 0.7300103410
0.7900000000 0.7361033559
0.8000000000 0.7421008597
0.8100000000 0.7480031692
0.8200000000 0.7538106338
0.8300000000 0.7595236348
0.8400000000 0.7651425850
0.8500000000 0.7706679275
0.8600000000 0.7761001353
0.8700000000 0.7814397103
0.8800000000 0.7866871825
0.8900000000 0.7918431094
0.9000000000 0.7969080749
0.9100000000 0.8018826889
0.9200000000 0.8067675860
0.9300000000 0.8115634250
0.9400000000 0.8162708880
0.9500000000 0.8208906796
0.9600000000 0.8254235258
0.9700000000 0.8298701736
0.9800000000 0.8342313898
0.9900000000 0.8385079605
1.0000000000 0.8427006897
1.0100000000 0.8468103994
1.0200000000 0.8508379276
1.0300000000 0.8547841284
1.0400000000 0.8586498709
1.0500000000 0.8624360382
1.0600000000 0.8661435267
1.0700000000 0.8697732454
1.0800000000 0.8733261150
1.0900000000 0.8768030670
1.1000000000 0.8802050432
1.1100000000 0.8835329947
1.1200000000 0.8867878811
1.1300000000 0.8899706700
1.1400000000 0.8930823359
1.1500000000 0.8961238597
1.1600000000 0.8990962281
1.1700000000 0.9020004325
1.1800000000 0.9048374685
1.1900000000 0.9076083355
1.2000000000 0.9103140355
1.2100000000 0.9129555727
1.2200000000 0.9155339530
1.2300000000 0.9180501830
1.2400000000 0.9205052697
1.2500000000 0.9229002199
1.2600000000 0.9252360394
1.2700000000 0.9275137324
1.2800000000 0.9297343013
1.2900000000 0.9318987458
1.3000000000 0.9340080624
1.3100000000 0.9360632443
1.3200000000 0.9380652801
1.3300000000 0.9400151544
1.3400000000 0.9419138462
1.3500000000 0.9437623294
1.3600000000 0.9455615717
1.3700000000 0.9473125346
1.3800000000 0.9490161729
1.3900000000 0.9506734341
1.4000000000 0.9522852583
1.4100000000 0.9538525777
1.4200000000 0.9553763164
1.4300000000 0.9568573899
1.4400000000 0.9582967050
1.4500000000 0.9596951593
1.4600000000 0.9610536411
1.4700000000 0.9623730290
1.4800000000 0.9636541918
1.4900000000 0.9648979882
1.5000000000 0.9661052664
1.5100000000 0.9672768644
1.5200000000 0.9684136092
1.5300000000 0.9695163171
1.5400000000 0.9705857934
1.5500000000 0.9716228321
1.5600000000 0.9726282160
1.5700000000 0.9736027163
1.5800000000 0.9745470929
1.5900000000 0.9754620939
1.6000000000 0.9763484558
1.6100000000 0.9772069033
1.6200000000 0.9780381492
1.6300000000 0.9788428946
1.6400000000 0.9796218284
1.6500000000 0.9803756277
1.6600000000 0.9811049579
1.6700000000 0.9818104719
1.6800000000 0.9824928111
1.6900000000 0.9831526048
1.7000000000 0.9837904702
1.7100000000 0.9844070129
1.7200000000 0.9850028266
1.7300000000 0.9855784929
1.7400000000 0.9861345820
1.7500000000 0.9866716522
1.7600000000 0.9871902502
1.7700000000 0.9876909114
1.7800000000 0.9881741593
1.7900000000 0.9886405064
1.8000000000 0.9890904538
1.8100000000 0.9895244914
1.8200000000 0.9899430980
1.8300000000 0.9903467415
1.8400000000 0.9907358789
1.8500000000 0.9911109566
1.8600000000 0.9914724102
1.8700000000 0.9918206649
1.8800000000 0.9921561357
1.8900000000 0.9924792272
1.9000000000 0.9927903340
1.9100000000 0.9930898407
1.9200000000 0.9933781223
1.9300000000 0.9936555439
1.9400000000 0.9939224614
1.9500000000 0.9941792210
1.9600000000 0.9944261599
1.9700000000 0.9946636063
1.9800000000 0.9948918795
1.9900000000 0.9951112900
2.0000000000 0.9953221396
2.0100000000 0.9955247219
2.0200000000 0.9957193222
2.0300000000 0.9959062175
2.0400000000 0.9960856771
2.0500000000 0.9962579623
2.0600000000 0.9964233269
2.0700000000 0.9965820171
2.0800000000 0.9967342719
2.0900000000 0.9968803231
2.1000000000 0.9970203954
2.1100000000 0.9971547068
2.1200000000 0.9972834683
2.1300000000 0.9974068847
2.1400000000 0.9975251542
2.1500000000 0.9976384687
2.1600000000 0.9977470143
2.1700000000 0.9978509707
2.1800000000 0.9979505121
2.1900000000 0.9980458070
2.2000000000 0.9981370182
2.2100000000 0.9982243034
2.2200000000 0.9983078148
2.2300000000 0.9983876995
2.2400000000 0.9984640999
2.2500000000 0.9985371533
2.2600000000 0.9986069924
2.2700000000 0.9986737452
2.2800000000 0.9987375353
2.2900000000 0.9987984822
2.3000000000 0.9988567008
2.3100000000 0.9989123021
2.3200000000 0.9989653933
2.3300000000 0.9990160776
2.3400000000 0.9990644542
2.3500000000 0.9991106192
2.3600000000 0.9991546648
2.3700000000 0.9991966798
2.3800000000 0.9992367500
2.3900000000 0.9992749577
2.4000000000 0.9993113821
2.4100000000 0.9993460996
2.4200000000 0.9993791836
2.4300000000 0.9994107045
2.4400000000 0.9994407303
2.4500000000 0.9994693261
2.4600000000 0.9994965547
2.4700000000 0.9995224761
2.4800000000 0.9995471483
2.4900000000 0.9995706266
2.5000000000 0.9995929645
2.5100000000 0.9996142131
2.5200000000 0.9996344214
2.5300000000 0.9996536366
2.5400000000 0.9996719038
2.5500000000 0.9996892663
2.5600000000 0.9997057655
2.5700000000 0.9997214414
2.5800000000 0.9997363320
2.5900000000 0.9997504738
2.6000000000 0.9997639018
2.6100000000 0.9997766494
2.6200000000 0.9997887488
2.6300000000 0.9998002305
2.6400000000 0.9998111240
2.6500000000 0.9998214573
2.6600000000 0.9998312573
2.6700000000 0.9998405496
2.6800000000 0.9998493588
2.6900000000 0.9998577083
2.7000000000 0.9998656205
2.7100000000 0.9998731169
2.7200000000 0.9998802178
2.7300000000 0.9998869428
2.7400000000 0.9998933105
2.7500000000 0.9998993387
2.7600000000 0.9999050443
2.7700000000 0.9999104436
2.7800000000 0.9999155519
2.7900000000 0.9999203840
2.8000000000 0.9999249539
2.8100000000 0.9999292749
2.8200000000 0.9999333599
2.8300000000 0.9999372208
2.8400000000 0.9999408694
2.8500000000 0.9999443165
2.8600000000 0.9999475726
2.8700000000 0.9999506478
2.8800000000 0.9999535514
2.8900000000 0.9999562926
2.9000000000 0.9999588798
2.9100000000 0.9999613212
2.9200000000 0.9999636247
2.9300000000 0.9999657975
2.9400000000 0.9999678466
2.9500000000 0.9999697788
2.9600000000 0.9999716003
2.9700000000 0.9999733171
2.9800000000 0.9999749349
2.9900000000 0.9999764591
3.0000000000 0.9999778949
