0.1000000000 9.5135075788
0.1100000000 8.6126862924
0.1200000000 7.8632514487
0.1300000000 7.2302418314
0.1400000000 6.6886861009
0.1500000000 6.2202727978
0.1600000000 5.8112690956
0.1700000000 5.4511741140
0.1800000000 5.1318211286
0.1900000000 4.8467632952
0.2000000000 4.5908436572
0.2100000000 4.3598880102
0.2200000000 4.1504815306
0.2300000000 3.9598036769
0.2400000000 3.7855043655
0.2500000000 3.6256098661
0.2600000000 3.4784504129
0.2700000000 3.3426039040
0.2800000000 3.2168516651
0.2900000000 3.1001433657
0.3000000000 2.9915689539
0.3100000000 2.8903360215
0.3200000000 2.7957514156
0.3300000000 2.7072061925
0.3400000000 2.6241632274
0.3500000000 2.5461469492
0.3600000000 2.4727347850
0.3700000000 2.4035499939
0.3800000000 2.3382556311
0.3900000000 2.2765494416
0.4000000000 2.2181595200
0.4100000000 2.1628406052
0.4200000000 2.1103709052
0.4300000000 2.0605493646
0.4400000000 2.0131933049
0.4500000000 1.9681363800
0.4600000000 1.9252267983
0.4700000000 1.8843257714
0.4800000000 1.8453061574
0.4900000000 1.8080512704
0.5000000000 1.7724538329
0.5100000000 1.7384150509
0.5200000000 1.7058437969
0.5300000000 1.6746558848
0.5400000000 1.6447734255
0.5500000000 1.6161242527
0.5600000000 1.5886414111
0.5700000000 1.5622626975
0.5800000000 1.5369302499
0.5900000000 1.5125901788
0.6000000000 1.4891922344
0.6100000000 1.4666895081
0.6200000000 1.4450381612
0.6300000000 1.4241971810
0.6400000000 1.4041281589
0.6500000000 1.3847950890
0.6600000000 1.3661641860
0.6700000000 1.3482037180
0.6800000000 1.3308838557
0.6900000000 1.3141765328
0.7000000000 1.2980553207
0.7100000000 1.2824953117
0.7200000000 1.2674730133
0.7300000000 1.2529662506
0.7400000000 1.2389540769
0.7500000000 1.2254166915
0.7600000000 1.2123353637
0.7700000000 1.1996923631
0.7800000000 1.1874708949
0.7900000000 1.1756550409
0.8000000000 1.1642297036
0.8100000000 1.1531805560
0.8200000000 1.1424939941
0.8300000000 1.1321570928
0.8400000000 1.1221575659
0.8500000000 1.1124837275
0.8600000000 1.1031244577
0.8700000000 1.0940691696
0.8800000000 1.0853077784
0.8900000000 1.0768306739
0.9000000000 1.0686286933
0.9100000000 1.0606930968
0.9200000000 1.0530155447
0.9300000000 1.0455880751
0.9400000000 1.0384030846
0.9500000000 1.0314533088
0.9600000000 1.0247318046
0.9700000000 1.0182319339
0.9800000000 1.0119473478
0.9900000000 1.0058719717
1.0000000000 0.9999999867
1.0100000000 0.9943258380
1.0200000000 0.9888441902
1.0300000000 0.9835499377
1.0400000000 0.9784381882
1.0500000000 0.9735042530
1.0600000000 0.9687436370
1.0700000000 0.9641520302
1.0800000000 0.9597252985
1.0900000000 0.9554594761
1.1000000000 0.9513507579
1.1100000000 0.9473954922
1.1200000000 0.9435901738
1.1300000000 0.9399314381
1.1400000000 0.9364160541
1.1500000000 0.9330409197
1.1600000000 0.9298030553
1.1700000000 0.9266995994
1.1800000000 0.9237278032
1.1900000000 0.9208850261
1.2000000000 0.9181687314
1.2100000000 0.9155764821
1.2200000000 0.9131059367
1.2300000000 0.9107548457
1.2400000000 0.9085210477
1.2500000000 0.9064024665
1.2600000000 0.9043971074
1.2700000000 0.9025030541
1.2800000000 0.9007184662
1.2900000000 0.8990415761
1.3000000000 0.8974706862
1.3100000000 0.8960041667
1.3200000000 0.8946404530
1.3300000000 0.8933780435
1.3400000000 0.8922154973
1.3500000000 0.8911514322
1.3600000000 0.8901845226
1.3700000000 0.8893134977
1.3800000000 0.8885371398
1.3900000000 0.8878542822
1.4000000000 0.8872638080
1.4100000000 0.8867646481
1.4200000000 0.8863557802
1.4300000000 0.8860362268
1.4400000000 0.8858050541
1.4500000000 0.8856613710
1.4600000000 0.8856043272
1.4700000000 0.8856331125
1.4800000000 0.8857469555
1.4900000000 0.8859451225
1.5000000000 0.8862269164
1.5100000000 0.8865916759
1.5200000000 0.8870387744
1.5300000000 0.8875676190
1.5400000000 0.8881776497
1.5500000000 0.8888683390
1.5600000000 0.8896391902
1.5700000000 0.8904897376
1.5800000000 0.8914195450
1.5900000000 0.8924282055
1.6000000000 0.8935153407
1.6100000000 0.8946805999
1.6200000000 0.8959236600
1.6300000000 0.8972442241
1.6400000000 0.8986420217
1.6500000000 0.9001168078
1.6600000000 0.9016683627
1.6700000000 0.9032964911
1.6800000000 0.9050010218
1.6900000000 0.9067818077
1.7000000000 0.9086387245
1.7100000000 0.9105716713
1.7200000000 0.9125805696
1.7300000000 0.9146653629
1.7400000000 0.9168260169
1.7500000000 0.9190625186
1.7600000000 0.9213748764
1.7700000000 0.9237631196
1.7800000000 0.9262272980
1.7900000000 0.9287674823
1.8000000000 0.9313837629
1.8100000000 0.9340762504
1.8200000000 0.9368450752
1.8300000000 0.9396903871
1.8400000000 0.9426123553
1.8500000000 0.9456111684
1.8600000000 0.9486870337
1.8700000000 0.9518401775
1.8800000000 0.9550708450
1.8900000000 0.9583792997
1.9000000000 0.9617658239
1.9100000000 0.9652307181
1.9200000000 0.9687743011
1.9300000000 0.9723969099
1.9400000000 0.9760988995
1.9500000000 0.9798806434
1.9600000000 0.9837425324
1.9700000000 0.9876849759
1.9800000000 0.9917084008
1.9900000000 0.9958132520
2.0000000000 0.9999999867
2.0100000000 1.0042690964
2.0200000000 1.0086210740
2.0300000000 1.0130564358
2.0400000000 1.0175757157
2.0500000000 1.0221794656
2.0600000000 1.0268682553
2.0700000000 1.0316426723
2.0800000000 1.0365033223
2.0900000000 1.0414508289
2.1000000000 1.0464858337
2.1100000000 1.0516089963
2.1200000000 1.0568209947
2.1300000000 1.0621225250
2.1400000000 1.0675143017
2.1500000000 1.0729970576
2.1600000000 1.0785715441
2.1700000000 1.0842385313
2.1800000000 1.0899988077
2.1900000000 1.0958531810
2.2000000000 1.1018024777
2.2100000000 1.1078475434
2.2200000000 1.1139892428
2.2300000000 1.1202284602
2.2400000000 1.1265660992
2.2500000000 1.1330030832
2.2600000000 1.1395403553
2.2700000000 1.1461788787
2.2800000000 1.1529196368
2.2900000000 1.1597636331
2.3000000000 1.1667118920
2.3100000000 1.1737654583
2.3200000000 1.1809253980
2.3300000000 1.1881927979
2.3400000000 1.1955687664
2.3500000000 1.2030544335
2.3600000000 1.2106509507
2.3700000000 1.2183594919
2.3800000000 1.2261812529
2.3900000000 1.2341174523
2.4000000000 1.2421693312
2.4100000000 1.2503381539
2.4200000000 1.2586252079
2.4300000000 1.2670318043
2.4400000000 1.2755592780
2.4500000000 1.2842089880
2.4600000000 1.2929823177
2.4700000000 1.3018806754
2.4800000000 1.3109054942
2.4900000000 1.3200582325
2.5000000000 1.3293403747
2.5100000000 1.3387534307
2.5200000000 1.3482989371
2.5300000000 1.3579784570
2.5400000000 1.3677935806
2.5500000000 1.3777459254
2.5600000000 1.3878371368
2.5700000000 1.3980688880
2.5800000000 1.4084428811
2.5900000000 1.4189608467
2.6000000000 1.4296245451
2.6100000000 1.4404357659
2.6200000000 1.4513963291
2.6300000000 1.4625080852
2.6400000000 1.4737729155
2.6500000000 1.4851927329
2.6600000000 1.4967694821
2.6700000000 1.5085051401
2.6800000000 1.5204017167
2.6900000000 1.5324612550
2.7000000000 1.5446858317
2.7100000000 1.5570775580
2.7200000000 1.5696385797
2.7300000000 1.5823710779
2.7400000000 1.5952772694
2.7500000000 1.6083594076
2.7600000000 1.6216197825
2.7700000000 1.6350607216
2.7800000000 1.6486845905
2.7900000000 1.6624937933
2.8000000000 1.6764907732
2.8100000000 1.6906780132
2.8200000000 1.7050580368
2.8300000000 1.7196334083
2.8400000000 1.7344067338
2.8500000000 1.7493806615
2.8600000000 1.7645578826
2.8700000000 1.7799411319
2.8800000000 1.7955331886
2.8900000000 1.8113368765
2.9000000000 1.8273550655
2.9100000000 1.8435906716
2.9200000000 1.8600466581
2.9300000000 1.8767260360
2.9400000000 1.8936318651
2.9500000000 1.9107672545
2.9600000000 1.9281353636
2.9700000000 1.9457394026
2.9800000000 1.9635826336
2.9900000000 1.9816683714
3.0000000000 1.9999999842
3.0100000000 2.0185808838
3.0200000000 2.0374145696
3.0300000000 2.0565045647
3.0400000000 2.0758544600
3.0500000000 2.0954679045
3.0600000000 2.1153486058
3.0700000000 2.1355003317
3.0800000000 2.1559269104
3.0900000000 2.1766322324
3.1000000000 2.1976202507
3.1100000000 2.2188949822
3.1200000000 2.2404605088
3.1300000000 2.2623209783
3.1400000000 2.2844806056
3.1500000000 2.3069436739
3.1600000000 2.3297145353
3.1700000000 2.3527976129
3.1800000000 2.3761974008
3.1900000000 2.3999184665
3.2000000000 2.4239654510
3.2100000000 2.4483430709
3.2200000000 2.4730561190
3.2300000000 2.4981094662
3.2400000000 2.5235080622
3.2500000000 2.5492569371
3.2600000000 2.5753612029
3.2700000000 2.6018260546
3.2800000000 2.6286567718
3.2900000000 2.6558587198
3.3000000000 2.6834373516
3.3100000000 2.7113982087
3.3200000000 2.7397469233
3.3300000000 2.7684892191
3.3400000000 2.7976309134
3.3500000000 2.8271779187
3.3600000000 2.8571362438
3.3700000000 2.8875119958
3.3800000000 2.9183113820
3.3900000000 2.9495407109
3.4000000000 2.9812063948
3.4100000000 3.0133149509
3.4200000000 3.0458730031
3.4300000000 3.0788872844
3.4400000000 3.1123646383
3.4500000000 3.1463120206
3.4600000000 3.1807365017
3.4700000000 3.2156452683
3.4800000000 3.2510456256
3.4900000000 3.2869449990
3.5000000000 3.3233509366
3.5100000000 3.3602711110
3.5200000000 3.3977133214
3.5300000000 3.4356854962
3.5400000000 3.4741956948
3.5500000000 3.5132521099
3.5600000000 3.5528630701
3.5700000000 3.5930370422
3.5800000000 3.6337826331
3.5900000000 3.6751085930
3.6000000000 3.7170238171
3.6100000000 3.7595373490
3.6200000000 3.8026583823
3.6300000000 3.8463962641
3.6400000000 3.8907604970
3.6500000000 3.9357607423
3.6600000000 3.9814068225
3.6700000000 4.0277087241
3.6800000000 4.0746766008
3.6900000000 4.1223207758
3.7000000000 4.1706517456
3.7100000000 4.2196801821
3.7200000000 4.2694169367
3.7300000000 4.3198730426
3.7400000000 4.3710597182
3.7500000000 4.4229883709
3.7600000000 4.4756705997
3.7700000000 4.5291181989
3.7800000000 4.5833431616
3.7900000000 4.6383576832
3.8000000000 4.6941741648
3.8100000000 4.7508052171
3.8200000000 4.8082636638
3.8300000000 4.8665625456
3.8400000000 4.9257151240
3.8500000000 4.9857348853
3.8600000000 5.0466355443
3.8700000000 5.1084310487
3.8800000000 5.1711355831
3.8900000000 5.2347635731
3.9000000000 5.2993296899
3.9100000000 5.3648488544
3.9200000000 5.4313362416
3.9300000000 5.4988072855
3.9400000000 5.5672776835
3.9500000000 5.6367634009
3.9600000000 5.7072806762
3.9700000000 5.7788460256
3.9800000000 5.8514762481
3.9900000000 5.9251884305
4.0000000000 5.9999999527
4.0100000000 6.0759284601
4.0200000000 6.1529920001
4.0300000000 6.2312088310
4.0400000000 6.3105975585
4.0500000000 6.3911771087
4.0600000000 6.4729667338
4.0700000000 6.5559860182
4.0800000000 6.6402548842
4.0900000000 6.7257935982
4.1000000000 6.8126227771
4.1100000000 6.9007633946
4.1200000000 6.9902367874
4.1300000000 7.0810646621
4.1400000000 7.1732691017
4.1500000000 7.2668725727
4.1600000000 7.3618979317
4.1700000000 7.4583684327
4.1800000000 7.5563077346
4.1900000000 7.6557399080
4.2000000000 7.7566894432
4.2100000000 7.8591812575
4.2200000000 7.9632407033
4.2300000000 8.0688935758
4.2400000000 8.1761661214
4.2500000000 8.2850850456
4.2600000000 8.3956775215
4.2700000000 8.5079711987
4.2800000000 8.6219942115
4.2900000000 8.7377751883
4.3000000000 8.8553432603
4.3100000000 8.9747280709
4.3200000000 9.0959597852
4.3300000000 9.2190690995
4.3400000000 9.3440872509
4.3500000000 9.4710460276
4.3600000000 9.5999777790
4.3700000000 9.7309154259
4.3800000000 9.8638924710
4.3900000000 9.9989430101
4.4000000000 10.1361017425
4.4100000000 10.2754039824
4.4200000000 10.4168856706
4.4300000000 10.5605833855
4.4400000000 10.7065343556
4.4500000000 10.8547764709
4.4600000000 11.0053482957
4.4700000000 11.1582890810
4.4800000000 11.3136387770
4.4900000000 11.4714380466
4.5000000000 11.6317282782
4.5100000000 11.7945515996
4.5200000000 11.9599508915
4.5300000000 12.1279698017
4.5400000000 12.2986527594
4.5500000000 12.4720449901
4.5600000000 12.6481925297
4.5700000000 12.8271422406
4.5800000000 13.0089418266
4.5900000000 13.1936398488
4.6000000000 13.3812857417
4.6100000000 13.5719298299
4.6200000000 13.7656233440
4.6300000000 13.9624184386
4.6400000000 14.1623682091
4.6500000000 14.3655267095
4.6600000000 14.5719489703
4.6700000000 14.7816910176
4.6800000000 14.9948098908
4.6900000000 15.2113636628
4.7000000000 15.4314114585
4.7100000000 15.6550134758
4.7200000000 15.8822310046
4.7300000000 16.1131264488
4.7400000000 16.3477633462
4.7500000000 16.5862063910
4.7600000000 16.8285214548
4.7700000000 17.0747756098
4.7800000000 17.3250371509
4.7900000000 17.5793756194
4.8000000000 17.8378618264
4.8100000000 18.1005678772
4.8200000000 18.3675671956
4.8300000000 18.6389345495
4.8400000000 18.9147460761
4.8500000000 19.1950793082
4.8600000000 19.4800132008
4.8700000000 19.7696281584
4.8800000000 20.0640060623
4.8900000000 20.3632302994
4.9000000000 20.6673857907
4.9100000000 20.9765590206
4.9200000000 21.2908380670
4.9300000000 21.6103126321
4.9400000000 21.9350740729
4.9500000000 22.2652154336
4.9600000000 22.6008314779
4.9700000000 22.9420187218
4.9800000000 23.2888754675
4.9900000000 23.6415018377
5.0000000000 23.9999998109
5.0100000000 24.3644731252
5.0200000000 24.7350278404
5.0300000000 25.1117715888
5.0400000000 25.4948141361
5.0500000000 25.8842672900
5.0600000000 26.2802449392
5.0700000000 26.6828630941
5.0800000000 27.0922399274
5.0900000000 27.5084958166
5.1000000000 27.9317533863
5.1100000000 28.3621375519
5.1200000000 28.7997755642
5.1300000000 29.2447970545
5.1400000000 29.6973340811
5.1500000000 30.1575211766
5.1600000000 30.6254953957
5.1700000000 31.1013963645
5.1800000000 31.5853663307
5.1900000000 32.0775502147
5.2000000000 32.5780956614
5.2100000000 33.0871530941
5.2200000000 33.6048757679
5.2300000000 34.1314198258
5.2400000000 34.6669443548
5.2500000000 35.2116114437
5.2600000000 35.7655862416
5.2700000000 36.3290370183
5.2800000000 36.9021352252
5.2900000000 37.4850555578
5.3000000000 38.0779760193
5.3100000000 38.6810779857
5.3200000000 39.2945462722
5.3300000000 39.9185692007
5.3400000000 40.5533386687
5.3500000000 41.1990502201
5.3600000000 41.8559031165
5.3700000000 42.5241004111
5.3800000000 43.2038490231
5.3900000000 43.8953598144
5.4000000000 44.5988476668
5.4100000000 45.3145315624
5.4200000000 46.0426346640
5.4300000000 46.7833843979
5.4400000000 47.5370125388
5.4500000000 48.3037552955
5.4600000000 49.0838533990
5.4700000000 49.8775521921
5.4800000000 50.6851017212
5.4900000000 51.5067568294
5.5000000000 52.3427772521
5.5100000000 53.1934277142
5.5200000000 54.0589780294
5.5300000000 54.9397032015
5.5400000000 55.8358835279
5.5500000000 56.7478047048
5.5600000000 57.6757579354
5.5700000000 58.6200400395
5.5800000000 59.5809535656
5.5900000000 60.5588069058
5.6000000000 61.5539144119
5.6100000000 62.5665965156
5.6200000000 63.5971798493
5.6300000000 64.6459973709
5.6400000000 65.7133884903
5.6500000000 66.7996991990
5.6600000000 67.9052822018
5.6700000000 69.0304970521
5.6800000000 70.1757102891
5.6900000000 71.3412955784
5.7000000000 72.5276338552
5.7100000000 73.7351134708
5.7200000000 74.9641303419
5.7300000000 76.2150881027
5.7400000000 77.4883982612
5.7500000000 78.7844803572
5.7600000000 80.1037621250
5.7700000000 81.4466796588
5.7800000000 82.8136775814
5.7900000000 84.2052092169
5.8000000000 85.6217367667
5.8100000000 87.0637314891
5.8200000000 88.5316738828
5.8300000000 90.0260538741
5.8400000000 91.5473710084
5.8500000000 93.0961346448
5.8600000000 94.6728641561
5.8700000000 96.2780891313
5.8800000000 97.9123495840
5.8900000000 99.5761961641
5.9000000000 101.2701903743
5.9100000000 102.9949047910
5.9200000000 104.7509232898
5.9300000000 106.5388412760
5.9400000000 108.3592659199
5.9500000000 110.2128163964
5.9600000000 112.1001241305
5.9700000000 114.0218330474
5.9800000000 115.9785998281
5.9900000000 117.9710941703
6.0000000000 119.9999990546
6.0100000000 122.0660103571
6.0200000000 124.1698397587
6.0300000000 126.3122110916
6.0400000000 128.4938632462
6.0500000000 130.7155498147
6.0600000000 132.9780393926
6.0700000000 135.2821158869
6.0800000000 137.6285788311
6.0900000000 140.0182437065
6.1000000000 142.4519422701
6.1100000000 144.9305228902
6.1200000000 147.4548508885
6.1300000000 150.0258088894
6.1400000000 152.6442971770
6.1500000000 155.3112340597
6.1600000000 158.0275562418
6.1700000000 160.7942192046
6.1800000000 163.6121975933
6.1900000000 166.4824856143
6.2000000000 169.4060974395
6.2100000000 172.3840676201
6.2200000000 175.4174515084
6.2300000000 178.5073256889
6.2400000000 181.6547884192
6.2500000000 184.8609600793
6.2600000000 188.1269836309
6.2700000000 191.4540250867
6.2800000000 194.8432739893
6.2900000000 198.2959439007
6.3000000000 201.8132729020
6.3100000000 205.3965241040
6.3200000000 209.0469861683
6.3300000000 212.7659738398
6.3400000000 216.5548284911
6.3500000000 220.4149186774
6.3600000000 224.3476407043
6.3700000000 228.3544192075
6.3800000000 232.4367077444
6.3900000000 236.5959893993
6.4000000000 240.8337774008
6.4100000000 245.1516157526
6.4200000000 249.5510798786
6.4300000000 254.0337772806
6.4400000000 258.6013482112
6.4500000000 263.2554663607
6.4600000000 267.9978395586
6.4700000000 272.8302104909
6.4800000000 277.7543574320
6.4900000000 282.7720949932
6.5000000000 287.8852748864
6.5100000000 293.0957867052
6.5200000000 298.4055587224
6.5300000000 303.8165587044
6.5400000000 309.3307947443
6.5500000000 314.9503161115
6.5600000000 320.6772141207
6.5700000000 326.5136230198
6.5800000000 332.4617208961
6.5900000000 338.5237306032
6.6000000000 344.7019207069
6.6100000000 350.9986064526
6.6200000000 357.4161507532
6.6300000000 363.9569651982
6.6400000000 370.6235110854
6.6500000000 377.4183004741
6.6600000000 384.3438972620
6.6700000000 391.4029182853
6.6800000000 398.5980344419
6.6900000000 405.9319718408
6.7000000000 413.4075129745
6.7100000000 421.0274979183
6.7200000000 428.7948255555
6.7300000000 436.7124548287
6.7400000000 444.7834060192
6.7500000000 453.0107620537
6.7600000000 461.3976698400
6.7700000000 469.9473416311
6.7800000000 478.6630564203
6.7900000000 487.5481613659
6.8000000000 496.6060732469
6.8100000000 505.8402799516
6.8200000000 515.2543419977
6.8300000000 524.8518940860
6.8400000000 534.6366466889
6.8500000000 544.6123876723
6.8600000000 554.7829839545
6.8700000000 565.1523832004
6.8800000000 575.7246155538
6.8900000000 586.5037954066
6.9000000000 597.4941232084
6.9100000000 608.6998873145
6.9200000000 620.1254658753
6.9300000000 631.7753287668
6.9400000000 643.6540395643
6.9500000000 655.7662575586
6.9600000000 668.1167398176
6.9700000000 680.7103432927
6.9800000000 693.5520269718
6.9900000000 706.6468540798
7.0000000000 719.9999943278
7.0100000000 733.6167222461
7.0200000000 747.5024353476
7.0300000000 761.6626328820
7.0400000000 776.1029340067
7.0500000000 790.8290763787
7.0600000000 805.8469187188
7.0700000000 821.1624434335
7.0800000000 836.7817592933
7.0900000000 852.7111041724
7.1000000000 868.9568478474
7.1100000000 885.5254948592
7.1200000000 902.4236874377
7.1300000000 919.6582084920
7.1400000000 937.2359846669
7.1500000000 955.1640894668
7.1600000000 973.4497464497
7.1700000000 992.1003324921
7.1800000000 1011.1233811263
7.1900000000 1030.5265859522
7.2000000000 1050.3178041250
7.2100000000 1070.5050599210
7.2200000000 1091.0965483819
7.2300000000 1112.1006390418
7.2400000000 1133.5258797359
7.2500000000 1155.3810004957
7.2600000000 1177.6749175295
7.2700000000 1200.4167372934
7.2800000000 1223.6157606525
7.2900000000 1247.2814871353
7.3000000000 1271.4236192828
7.3100000000 1296.0520670964
7.3200000000 1321.1769525834
7.3300000000 1346.8086144060
7.3400000000 1372.9576126334
7.3500000000 1399.6347336012
7.3600000000 1426.8509948793
7.3700000000 1454.6176503517
7.3800000000 1482.9461954094
7.3900000000 1511.8483722617
7.4000000000 1541.3361753648
7.4100000000 1571.4218569742
7.4200000000 1602.1179328205
7.4300000000 1633.4371879142
7.4400000000 1665.3926824802
7.4500000000 1697.9977580261
7.4600000000 1731.2660435482
7.4700000000 1765.2114618757
7.4800000000 1799.8482361593
7.4900000000 1835.1908965056
7.5000000000 1871.2542867614
7.5100000000 1908.0535714508
7.5200000000 1945.6042428696
7.5300000000 1983.9221283399
7.5400000000 2023.0233976277
7.5500000000 2062.9245705299
7.5600000000 2103.6425246317
7.5700000000 2145.1945032400
7.5800000000 2187.5981234965
7.5900000000 2230.8713846749
7.6000000000 2275.0326766652
7.6100000000 2320.1007886515
7.6200000000 2366.0949179859
7.6300000000 2413.0346792640
7.6400000000 2460.9401136068
7.6500000000 2509.8316981525
7.6600000000 2559.7303557650
7.6700000000 2610.6574649625
7.6800000000 2662.6348700720
7.6900000000 2715.6848916148
7.7000000000 2769.8303369287
7.7100000000 2825.0945110315
7.7200000000 2881.5012277325
7.7300000000 2939.0748209968
7.7400000000 2997.8401565692
7.7500000000 3057.8226438626
7.7600000000 3119.0482481179
7.7700000000 3181.5435028422
7.7800000000 3245.3355225296
7.7900000000 3310.4520156741
7.8000000000 3376.9212980788
7.8100000000 3444.7723064703
7.8200000000 3514.0346124238
7.8300000000 3584.7384366073
7.8400000000 3656.9146633518
7.8500000000 3730.5948555552
7.8600000000 3805.8112699277
7.8700000000 3882.5968725868
7.8800000000 3960.9853550096
7.8900000000 4041.0111503512
7.9000000000 4122.7094501378
7.9100000000 4206.1162213432
7.9200000000 4291.2682238568
7.9300000000 4378.2030283537
7.9400000000 4466.9590345757
7.9500000000 4557.5754900319
7.9600000000 4650.0925091304
7.9700000000 4744.5510927501
7.9800000000 4840.9931482629
7.9900000000 4939.4615100175
8.0000000000 5039.9999602946
8.0100000000 5142.6532229448
8.0200000000 5247.4670961400
8.0300000000 5354.4883091605
8.0400000000 5463.7646554072
8.0500000000 5575.3449884694
8.0600000000 5689.2792461548
8.0700000000 5805.6184750742
8.0800000000 5924.4148557962
8.0900000000 6045.7217285819
8.1000000000 6169.5936197162
8.1100000000 6296.0862684483
8.1200000000 6425.2566545558
8.1300000000 6557.1630265479
8.1400000000 6691.8649305215
8.1500000000 6829.4232396873
8.1600000000 6969.9001845796
8.1700000000 7113.3593839681
8.1800000000 7259.8658764865
8.1900000000 7409.4861529958
8.2000000000 7562.2881896998
8.2100000000 7718.3414820297
8.2200000000 7877.7170793168
8.2300000000 8040.4876202714
8.2400000000 8206.7273692877
8.2500000000 8376.5122535932
8.2600000000 8549.9199012634
8.2700000000 8727.0296801225
8.2800000000 8907.9227375500
8.2900000000 9092.6820412155
8.3000000000 9281.3924207642
8.3100000000 9474.1406104742
8.3200000000 9671.0152929100
8.3300000000 9872.1071435952
8.3400000000 10077.5088767283
8.3500000000 10287.3152919682
8.3600000000 10501.6233223114
8.3700000000 10720.5320830910
8.3800000000 10944.1429221208
8.3900000000 11172.5594710131
8.4000000000 11405.8876976991
8.4100000000 11644.2359601782
8.4200000000 11887.7150615277
8.4300000000 12136.4383062020
8.4400000000 12390.5215576516
8.4500000000 12650.0832972940
8.4600000000 12915.2446848690
8.4700000000 13186.1296202109
8.4800000000 13462.8648064710
8.4900000000 13745.5798148264
8.5000000000 14034.4071507094
8.5100000000 14329.4823215943
8.5200000000 14630.9439063789
8.5300000000 14938.9336263984
8.5400000000 15253.5964181121
8.5500000000 15575.0805075000
8.5600000000 15903.5374862147
8.5700000000 16239.1223895256
8.5800000000 16581.9937761027
8.5900000000 16932.3138096815
8.6000000000 17290.2483426544
8.6100000000 17655.9670016367
8.6200000000 18029.6432750512
8.6300000000 18411.4546027836
8.6400000000 18801.5824679550
8.6500000000 19200.2124908657
8.6600000000 19607.5345251590
8.6700000000 20023.7427562612
8.6800000000 20449.0358021514
8.6900000000 20883.6168165164
8.7000000000 21327.6935943494
8.7100000000 21781.4786800514
8.7200000000 22245.1894780934
8.7300000000 22719.0483663042
8.7400000000 23203.2828118444
8.7500000000 23698.1254899334
8.7600000000 24203.8144053934
8.7700000000 24720.5930170820
8.7800000000 25248.7103652785
8.7900000000 25788.4212020994
8.8000000000 26339.9861250132
8.8100000000 26903.6717135317
8.8200000000 27479.7506691526
8.8300000000 28068.5019586334
8.8400000000 28670.2109606761
8.8500000000 29285.1696161063
8.8600000000 29913.6765816300
8.8700000000 30556.0373872564
8.8800000000 31212.5645974736
8.8900000000 31883.5779762687
8.9000000000 32569.4046560869
8.9100000000 33270.3793108229
8.9200000000 33986.8443329439
8.9300000000 34719.1500148430
8.9400000000 35467.6547345289
8.9500000000 36232.7251457511
8.9600000000 37014.7363726757
8.9700000000 37814.0722092161
8.9800000000 38631.1253231358
8.9900000000 39466.2974650370
9.0000000000 40319.9996823540
9.0100000000 41192.6523157856
9.0200000000 42084.6861110402
9.0300000000 42996.5411225559
9.0400000000 43928.6678294712
9.0500000000 44881.5271571763
9.0600000000 45855.5907240044
9.0700000000 46851.3410938459
9.0800000000 47869.2720348303
9.0900000000 48909.8887842245
9.1000000000 49973.7083196984
9.1100000000 51061.2596371127
9.1200000000 52173.0840349900
9.1300000000 53309.7354058307
9.1400000000 54471.7805344416
9.1500000000 55659.7994034480
9.1600000000 56874.3855061663
9.1700000000 58116.1461670160
9.1800000000 59385.7028696556
9.1900000000 60683.6915930316
9.2000000000 62010.7631555341
9.2100000000 63367.5835674597
9.2200000000 64754.8343919797
9.2300000000 66173.2131148295
9.2400000000 67623.4335229266
9.2500000000 69106.2260921392
9.2600000000 70622.3383844314
9.2700000000 72172.5354546086
9.2800000000 73757.6002669090
9.2900000000 75378.3341216715
9.3000000000 77035.5570923377
9.3100000000 78730.1084730358
9.3200000000 80462.8472370065
9.3300000000 82234.6525061428
9.3400000000 84046.4240319092
9.3500000000 85899.0826879290
9.3600000000 87793.5709745178
9.3700000000 89730.8535354664
9.3800000000 91711.9176873665
9.3900000000 93737.7739617943
9.4000000000 95809.4566606663
9.4100000000 97928.0244250921
9.4200000000 100094.5608180574
9.4300000000 102310.1749212767
9.4400000000 104576.0019465730
9.4500000000 106893.2038621275
9.4600000000 109262.9700339852
9.4700000000 111686.5178831798
9.4800000000 114165.0935588668
9.4900000000 116699.9726278691
9.5000000000 119292.4607810226
9.5100000000 121943.8945567598
9.5200000000 124655.6420823401
9.5300000000 127429.1038331704
9.5400000000 130265.7134106692
9.5500000000 133166.9383391170
9.5600000000 136134.2808819890
9.5700000000 139169.2788782257
9.5800000000 142273.5065989525
9.5900000000 145448.5756251542
9.6000000000 148696.1357468185
9.6100000000 152017.8758840821
9.6200000000 155415.5250309314
9.6300000000 158890.8532220120
9.6400000000 162445.6725231206
9.6500000000 166081.8380459782
9.6600000000 169801.2489878656
9.6700000000 173605.8496967742
9.6800000000 177497.6307626627
9.6900000000 181478.6301355152
9.7000000000 185550.9342708286
9.7100000000 189716.6793032360
9.7200000000 193978.0522489624
9.7300000000 198337.2922378236
9.7400000000 202796.6917755076
9.7500000000 207358.5980369038
9.7600000000 212025.4141912332
9.7700000000 216799.6007597958
9.7800000000 221683.6770071312
9.7900000000 226680.2223664385
9.8000000000 231791.8779001008
9.8100000000 237021.3477961988
9.8200000000 242371.4009019101
9.8300000000 247844.8722947174
9.8400000000 253444.6648923609
9.8500000000 259173.7511025232
9.8600000000 265035.1745132242
9.8700000000 271032.0516249473
9.8800000000 277167.5736255475
9.8900000000 283445.0082090102
9.9000000000 289867.7014391555
9.9100000000 296439.0796594122
9.9200000000 303162.6514498392
9.9300000000 310042.0096325289
9.9400000000 317080.8333266674
9.9500000000 324282.8900544522
9.9600000000 331652.0378991521
9.9700000000 339192.2277166460
9.9800000000 346907.5054017392
9.9900000000 354802.0142106591
10.0000000000 362879.9971411646
