0.1000000000 2.2527126414
0.1100000000 2.1532362688
0.1200000000 2.0622001935
0.1300000000 1.9782724862
0.1400000000 1.9004174596
0.1500000000 1.8278137661
0.1600000000 1.7597989822
0.1700000000 1.6958310214
0.1800000000 1.6354605942
0.1900000000 1.5783111225
0.2000000000 1.5240638126
0.2100000000 1.4724463734
0.2200000000 1.4232243611
0.2300000000 1.3761944496
0.2400000000 1.3311791339
0.2500000000 1.2880225152
0.2600000000 1.2465869130
0.2700000000 1.2067501173
0.2800000000 1.1684031395
0.2900000000 1.1314483595
0.3000000000 1.0957979855
0.3100000000 1.0613727678
0.3200000000 1.0281009153
0.3300000000 0.9959171798
0.3400000000 0.9647620767
0.3500000000 0.9345812181
0.3600000000 0.9053247405
0.3700000000 0.8769468105
0.3800000000 0.8494051965
0.3900000000 0.8226608957
0.4000000000 0.7966778089
0.4100000000 0.7714224546
0.4200000000 0.7468637184
0.4300000000 0.7229726310
0.4400000000 0.6997221722
0.4500000000 0.6770870969
0.4600000000 0.6550437800
0.4700000000 0.6335700778
0.4800000000 0.6126452045
0.4900000000 0.5922496209
0.5000000000 0.5723649346
0.5100000000 0.5529738096
0.5200000000 0.5340598857
0.5300000000 0.5156077041
0.5400000000 0.4976026412
0.5500000000 0.4800308480
0.5600000000 0.4628791943
0.5700000000 0.4461352193
0.5800000000 0.4297870846
0.5900000000 0.4138235332
0.6000000000 0.3982338501
0.6100000000 0.3830078276
0.6200000000 0.3681357321
0.6300000000 0.3536082749
0.6400000000 0.3394165844
0.6500000000 0.3255521802
0.6600000000 0.3120069503
0.6700000000 0.2987731289
0.6800000000 0.2858432763
0.6900000000 0.2732102604
0.7000000000 0.2608672390
0.7100000000 0.2488076441
0.7200000000 0.2370251666
0.7300000000 0.2255137423
0.7400000000 0.2142675389
0.7500000000 0.2032809441
0.7600000000 0.1925485537
0.7700000000 0.1820651614
0.7800000000 0.1718257487
0.7900000000 0.1618254754
0.8000000000 0.1520596712
0.8100000000 0.1425238273
0.8200000000 0.1332135885
0.8300000000 0.1241247463
0.8400000000 0.1152532318
0.8500000000 0.1065951095
0.8600000000 0.0981465711
0.8700000000 0.0899039298
0.8800000000 0.0818636150
0.8900000000 0.0740221671
0.9000000000 0.0663762329
0.9100000000 0.0589225609
0.9200000000 0.0516579968
0.9300000000 0.0445794799
0.9400000000 0.0376840390
0.9500000000 0.0309687886
0.9600000000 0.0244309258
0.9700000000 0.0180677266
0.9800000000 0.0118765430
0.9900000000 0.0058548003
1.0000000000 -0.0000000109
1.0100000000 -0.0056903188
1.0200000000 -0.0112185001
1.0300000000 -0.0165868646
1.0400000000 -0.0217976618
1.0500000000 -0.0268530831
1.0600000000 -0.0317552643
1.0700000000 -0.0365062869
1.0800000000 -0.0411081806
1.0900000000 -0.0455629252
1.1000000000 -0.0498724516
1.1100000000 -0.0540386444
1.1200000000 -0.0580633427
1.1300000000 -0.0619483424
1.1400000000 -0.0656953968
1.1500000000 -0.0693062187
1.1600000000 -0.0727824816
1.1700000000 -0.0761258205
1.1800000000 -0.0793378339
1.1900000000 -0.0824200843
1.2000000000 -0.0853740998
1.2100000000 -0.0882013749
1.2200000000 -0.0909033715
1.2300000000 -0.0934815205
1.2400000000 -0.0959372218
1.2500000000 -0.0982718460
1.2600000000 -0.1004867349
1.2700000000 -0.1025832027
1.2800000000 -0.1045625363
1.2900000000 -0.1064259965
1.3000000000 -0.1081748188
1.3100000000 -0.1098102137
1.3200000000 -0.1113333679
1.3300000000 -0.1127454447
1.3400000000 -0.1140475847
1.3500000000 -0.1152409064
1.3600000000 -0.1163265070
1.3700000000 -0.1173054628
1.3800000000 -0.1181788298
1.3900000000 -0.1189476441
1.4000000000 -0.1196129230
1.4100000000 -0.1201756646
1.4200000000 -0.1206368493
1.4300000000 -0.1209974393
1.4400000000 -0.1212583799
1.4500000000 -0.1214205993
1.4600000000 -0.1214850095
1.4700000000 -0.1214525065
1.4800000000 -0.1213239706
1.4900000000 -0.1211002669
1.5000000000 -0.1207822460
1.5100000000 -0.1203707436
1.5200000000 -0.1198665817
1.5300000000 -0.1192705684
1.5400000000 -0.1185834982
1.5500000000 -0.1178061528
1.5600000000 -0.1169393009
1.5700000000 -0.1159836989
1.5800000000 -0.1149400908
1.5900000000 -0.1138092089
1.6000000000 -0.1125917736
1.6100000000 -0.1112884943
1.6200000000 -0.1099000689
1.6300000000 -0.1084271847
1.6400000000 -0.1068705183
1.6500000000 -0.1052307359
1.6600000000 -0.1035084937
1.6700000000 -0.1017044377
1.6800000000 -0.0998192045
1.6900000000 -0.0978534210
1.7000000000 -0.0958077049
1.7100000000 -0.0936826648
1.7200000000 -0.0914789004
1.7300000000 -0.0891970026
1.7400000000 -0.0868375539
1.7500000000 -0.0844011284
1.7600000000 -0.0818882920
1.7700000000 -0.0792996027
1.7800000000 -0.0766356106
1.7900000000 -0.0738968581
1.8000000000 -0.0710838801
1.8100000000 -0.0681972040
1.8200000000 -0.0652373502
1.8300000000 -0.0622048319
1.8400000000 -0.0591001553
1.8500000000 -0.0559238200
1.8600000000 -0.0526763186
1.8700000000 -0.0493581375
1.8800000000 -0.0459697565
1.8900000000 -0.0425116491
1.9000000000 -0.0389842827
1.9100000000 -0.0353881186
1.9200000000 -0.0317236122
1.9300000000 -0.0279912129
1.9400000000 -0.0241913647
1.9500000000 -0.0203245058
1.9600000000 -0.0163910687
1.9700000000 -0.0123914809
1.9800000000 -0.0083261643
1.9900000000 -0.0041955356
2.0000000000 -0.0000000109
2.0100000000 0.0042600120
2.0200000000 0.0085841272
2.0300000000 0.0129719376
2.0400000000 0.0174230514
2.0500000000 0.0219370810
2.0600000000 0.0265136439
2.0700000000 0.0311523616
2.0800000000 0.0358528605
2.0900000000 0.0406147711
2.1000000000 0.0454377282
2.1100000000 0.0503213709
2.1200000000 0.0552653426
2.1300000000 0.0602692903
2.1400000000 0.0653328656
2.1500000000 0.0704557236
2.1600000000 0.0756375235
2.1700000000 0.0808779283
2.1800000000 0.0861766046
2.1900000000 0.0915332228
2.2000000000 0.0969474570
2.2100000000 0.1024189848
2.2200000000 0.1079474872
2.2300000000 0.1135326489
2.2400000000 0.1191741579
2.2500000000 0.1248717054
2.2600000000 0.1306249860
2.2700000000 0.1364336978
2.2800000000 0.1422975416
2.2900000000 0.1482162218
2.3000000000 0.1541894457
2.3100000000 0.1602169235
2.3200000000 0.1662983687
2.3300000000 0.1724334975
2.3400000000 0.1786220293
2.3500000000 0.1848636861
2.3600000000 0.1911581927
2.3700000000 0.1975052770
2.3800000000 0.2039046694
2.3900000000 0.2103561030
2.4000000000 0.2168593136
2.4100000000 0.2234140397
2.4200000000 0.2300200223
2.4300000000 0.2366770050
2.4400000000 0.2433847337
2.4500000000 0.2501429571
2.4600000000 0.2569514262
2.4700000000 0.2638098943
2.4800000000 0.2707181172
2.4900000000 0.2776758530
2.5000000000 0.2846828621
2.5100000000 0.2917389072
2.5200000000 0.2988437531
2.5300000000 0.3059971670
2.5400000000 0.3131989182
2.5500000000 0.3204487781
2.5600000000 0.3277465203
2.5700000000 0.3350919205
2.5800000000 0.3424847562
2.5900000000 0.3499248074
2.6000000000 0.3574118556
2.6100000000 0.3649456847
2.6200000000 0.3725260804
2.6300000000 0.3801528302
2.6400000000 0.3878257236
2.6500000000 0.3955445520
2.6600000000 0.4033091087
2.6700000000 0.4111191887
2.6800000000 0.4189745889
2.6900000000 0.4268751079
2.7000000000 0.4348205461
2.7100000000 0.4428107057
2.7200000000 0.4508453905
2.7300000000 0.4589244059
2.7400000000 0.4670475594
2.7500000000 0.4752146596
2.7600000000 0.4834255170
2.7700000000 0.4916799438
2.7800000000 0.4999777537
2.7900000000 0.5083187617
2.8000000000 0.5167027848
2.8100000000 0.5251296413
2.8200000000 0.5335991509
2.8300000000 0.5421111349
2.8400000000 0.5506654163
2.8500000000 0.5592618191
2.8600000000 0.5679001691
2.8700000000 0.5765802933
2.8800000000 0.5853020203
2.8900000000 0.5940651799
2.9000000000 0.6028696034
2.9100000000 0.6117151234
2.9200000000 0.6206015739
2.9300000000 0.6295287900
2.9400000000 0.6384966083
2.9500000000 0.6475048668
2.9600000000 0.6565534045
2.9700000000 0.6656420618
2.9800000000 0.6747706804
2.9900000000 0.6839391031
3.0000000000 0.6931471741
3.0100000000 0.7023947341
3.0200000000 0.7116816386
3.0300000000 0.7210077307
3.0400000000 0.7303728592
3.0500000000 0.7397768742
3.0600000000 0.7492196267
3.0700000000 0.7587009689
3.0800000000 0.7682207542
3.0900000000 0.7777788370
3.1000000000 0.7873750729
3.1100000000 0.7970093184
3.1200000000 0.8066814312
3.1300000000 0.8163912701
3.1400000000 0.8261386947
3.1500000000 0.8359235658
3.1600000000 0.8457457452
3.1700000000 0.8556050958
3.1800000000 0.8655014814
3.1900000000 0.8754347666
3.2000000000 0.8854048174
3.2100000000 0.8954115003
3.2200000000 0.9054546831
3.2300000000 0.9155342344
3.2400000000 0.9256500237
3.2500000000 0.9358019216
3.2600000000 0.9459897993
3.2700000000 0.9562135293
3.2800000000 0.9664729846
3.2900000000 0.9767680394
3.3000000000 0.9870985686
3.3100000000 0.9974644480
3.3200000000 1.0078655544
3.3300000000 1.0183017651
3.3400000000 1.0287729587
3.3500000000 1.0392790142
3.3600000000 1.0498198118
3.3700000000 1.0603952322
3.3800000000 1.0710051571
3.3900000000 1.0816494690
3.4000000000 1.0923280510
3.4100000000 1.1030407872
3.4200000000 1.1137875625
3.4300000000 1.1245682623
3.4400000000 1.1353827730
3.4500000000 1.1462309817
3.4600000000 1.1571127761
3.4700000000 1.1680280449
3.4800000000 1.1789766774
3.4900000000 1.1899585635
3.5000000000 1.2009735940
3.5100000000 1.2120216603
3.5200000000 1.2231026546
3.5300000000 1.2342164698
3.5400000000 1.2453629993
3.5500000000 1.2565421373
3.5600000000 1.2677537788
3.5700000000 1.2789978194
3.5800000000 1.2902741552
3.5900000000 1.3015826831
3.6000000000 1.3129233006
3.6100000000 1.3242959061
3.6200000000 1.3357003981
3.6300000000 1.3471366763
3.6400000000 1.3586046407
3.6500000000 1.3701041920
3.6600000000 1.3816352315
3.6700000000 1.3931976611
3.6800000000 1.4047913834
3.6900000000 1.4164163015
3.7000000000 1.4280723191
3.7100000000 1.4397593406
3.7200000000 1.4514772708
3.7300000000 1.4632260151
3.7400000000 1.4750054798
3.7500000000 1.4868155713
3.7600000000 1.4986561968
3.7700000000 1.5105272640
3.7800000000 1.5224286814
3.7900000000 1.5343603576
3.8000000000 1.5463222020
3.8100000000 1.5583141246
3.8200000000 1.5703360358
3.8300000000 1.5823878466
3.8400000000 1.5944694684
3.8500000000 1.6065808134
3.8600000000 1.6187217939
3.8700000000 1.6308923231
3.8800000000 1.6430923145
3.8900000000 1.6553216821
3.9000000000 1.6675803404
3.9100000000 1.6798682046
3.9200000000 1.6921851901
3.9300000000 1.7045312130
3.9400000000 1.7169061897
3.9500000000 1.7293100371
3.9600000000 1.7417426728
3.9700000000 1.7542040146
3.9800000000 1.7666939809
3.9900000000 1.7792124905
4.0000000000 1.7917594628
4.0100000000 1.8043348129
4.0200000000 1.8169384700
4.0300000000 1.8295703502
4.0400000000 1.8422303746
4.0500000000 1.8549184648
4.0600000000 1.8676345426
4.0700000000 1.8803785305
4.0800000000 1.8931503512
4.0900000000 1.9059499280
4.1000000000 1.9187771844
4.1100000000 1.9316320446
4.1200000000 1.9445144331
4.1300000000 1.9574242746
4.1400000000 1.9703614946
4.1500000000 1.9833260186
4.1600000000 1.9963177728
4.1700000000 2.0093366837
4.1800000000 2.0223826782
4.1900000000 2.0354556834
4.2000000000 2.0485556272
4.2100000000 2.0616824374
4.2200000000 2.0748360426
4.2300000000 2.0880163716
4.2400000000 2.1012233535
4.2500000000 2.1144569179
4.2600000000 2.1277169947
4.2700000000 2.1410035142
4.2800000000 2.1543164070
4.2900000000 2.1676556042
4.3000000000 2.1810210371
4.3100000000 2.1944126374
4.3200000000 2.2078303373
4.3300000000 2.2212740691
4.3400000000 2.2347437657
4.3500000000 2.2482393600
4.3600000000 2.2617607857
4.3700000000 2.2753079765
4.3800000000 2.2888808666
4.3900000000 2.3024793903
4.4000000000 2.3161034826
4.4100000000 2.3297530785
4.4200000000 2.3434281136
4.4300000000 2.3571285235
4.4400000000 2.3708542444
4.4500000000 2.3846052127
4.4600000000 2.3983813652
4.4700000000 2.4121826389
4.4800000000 2.4260089712
4.4900000000 2.4398602997
4.5000000000 2.4537365625
4.5100000000 2.4676376978
4.5200000000 2.4815636442
4.5300000000 2.4955143407
4.5400000000 2.5094897264
4.5500000000 2.5234897408
4.5600000000 2.5375143237
4.5700000000 2.5515634152
4.5800000000 2.5656369556
4.5900000000 2.5797348856
4.6000000000 2.5938571461
4.6100000000 2.6080036784
4.6200000000 2.6221744240
4.6300000000 2.6363693246
4.6400000000 2.6505883224
4.6500000000 2.6648313596
4.6600000000 2.6790983789
4.6700000000 2.6933893232
4.6800000000 2.7077041356
4.6900000000 2.7220427596
4.7000000000 2.7364051388
4.7100000000 2.7507912172
4.7200000000 2.7652009390
4.7300000000 2.7796342488
4.7400000000 2.7940910912
4.7500000000 2.8085714112
4.7600000000 2.8230751542
4.7700000000 2.8376022655
4.7800000000 2.8521526910
4.7900000000 2.8667263767
4.8000000000 2.8813232687
4.8100000000 2.8959433138
4.8200000000 2.9105864584
4.8300000000 2.9252526498
4.8400000000 2.9399418350
4.8500000000 2.9546539617
4.8600000000 2.9693889774
4.8700000000 2.9841468301
4.8800000000 2.9989274681
4.8900000000 3.0137308397
4.9000000000 3.0285568936
4.9100000000 3.0434055786
4.9200000000 3.0582768439
4.9300000000 3.0731706389
4.9400000000 3.0880869130
4.9500000000 3.1030256161
4.9600000000 3.1179866981
4.9700000000 3.1329701093
4.9800000000 3.1479758002
4.9900000000 3.1630037214
5.0000000000 3.1780538239
5.0100000000 3.1931260542
5.0200000000 3.2082203726
5.0300000000 3.2233367261
5.0400000000 3.2384750666
5.0500000000 3.2536353459
5.0600000000 3.2688175162
5.0700000000 3.2840215300
5.0800000000 3.2992473396
5.0900000000 3.3144948980
5.1000000000 3.3297641581
5.1100000000 3.3450550731
5.1200000000 3.3603675964
5.1300000000 3.3757016816
5.1400000000 3.3910572824
5.1500000000 3.4064343529
5.1600000000 3.4218328471
5.1700000000 3.4372527195
5.1800000000 3.4526939247
5.1900000000 3.4681564174
5.2000000000 3.4836401524
5.2100000000 3.4991450851
5.2200000000 3.5146711707
5.2300000000 3.5302183647
5.2400000000 3.5457866228
5.2500000000 3.5613759008
5.2600000000 3.5769861550
5.2700000000 3.5926173414
5.2800000000 3.6082694166
5.2900000000 3.6239423371
5.3000000000 3.6396360598
5.3100000000 3.6553505415
5.3200000000 3.6710857395
5.3300000000 3.6868416111
5.3400000000 3.7026181138
5.3500000000 3.7184152051
5.3600000000 3.7342328431
5.3700000000 3.7500709857
5.3800000000 3.7659295910
5.3900000000 3.7818086174
5.4000000000 3.7977080235
5.4100000000 3.8136277680
5.4200000000 3.8295678097
5.4300000000 3.8455281075
5.4400000000 3.8615086208
5.4500000000 3.8775093089
5.4600000000 3.8935301312
5.4700000000 3.9095710475
5.4800000000 3.9256320176
5.4900000000 3.9417130015
5.5000000000 3.9578139593
5.5100000000 3.9739348513
5.5200000000 3.9900756381
5.5300000000 4.0062362802
5.5400000000 4.0224167385
5.5500000000 4.0386169738
5.5600000000 4.0548369472
5.5700000000 4.0710766201
5.5800000000 4.0873359537
5.5900000000 4.1036149096
5.6000000000 4.1199134496
5.6100000000 4.1362315354
5.6200000000 4.1525691291
5.6300000000 4.1689261927
5.6400000000 4.1853026886
5.6500000000 4.2016985792
5.6600000000 4.2181138271
5.6700000000 4.2345483949
5.6800000000 4.2510022455
5.6900000000 4.2674753420
5.7000000000 4.2839676475
5.7100000000 4.3004791252
5.7200000000 4.3170097386
5.7300000000 4.3335594513
5.7400000000 4.3501282269
5.7500000000 4.3667160293
5.7600000000 4.3833228224
5.7700000000 4.3999485704
5.7800000000 4.4165932375
5.7900000000 4.4332567881
5.8000000000 4.4499391867
5.8100000000 4.4666403979
5.8200000000 4.4833603865
5.8300000000 4.5000991175
5.8400000000 4.5168565558
5.8500000000 4.5336326666
5.8600000000 4.5504274153
5.8700000000 4.5672407672
5.8800000000 4.5840726880
5.8900000000 4.6009231432
5.9000000000 4.6177920987
5.9100000000 4.6346795204
5.9200000000 4.6515853745
5.9300000000 4.6685096269
5.9400000000 4.6854522442
5.9500000000 4.7024131926
5.9600000000 4.7193924388
5.9700000000 4.7363899494
5.9800000000 4.7534056913
5.9900000000 4.7704396312
6.0000000000 4.7874917363
6.0100000000 4.8045619693
6.0200000000 4.8216503063
6.0300000000 4.8387567103
6.0400000000 4.8558811487
6.0500000000 4.8730235892
6.0600000000 4.8901839995
6.0700000000 4.9073623476
6.0800000000 4.9245586012
6.0900000000 4.9417727286
6.1000000000 4.9590046979
6.1100000000 4.9762544774
6.1200000000 4.9935220355
6.1300000000 5.0108073408
6.1400000000 5.0281103619
6.1500000000 5.0454310675
6.1600000000 5.0627694266
6.1700000000 5.0801254080
6.1800000000 5.0974989810
6.1900000000 5.1148901145
6.2000000000 5.1322987780
6.2100000000 5.1497249409
6.2200000000 5.1671685726
6.2300000000 5.1846296428
6.2400000000 5.2021081211
6.2500000000 5.2196039774
6.2600000000 5.2371171817
6.2700000000 5.2546477040
6.2800000000 5.2721955143
6.2900000000 5.2897605830
6.3000000000 5.3073428803
6.3100000000 5.3249423768
6.3200000000 5.3425590429
6.3300000000 5.3601928493
6.3400000000 5.3778437667
6.3500000000 5.3955117661
6.3600000000 5.4131968182
6.3700000000 5.4308988942
6.3800000000 5.4486179652
6.3900000000 5.4663540024
6.4000000000 5.4841069771
6.4100000000 5.5018768609
6.4200000000 5.5196636251
6.4300000000 5.5374672415
6.4400000000 5.5552876817
6.4500000000 5.5731249176
6.4600000000 5.5909789210
6.4700000000 5.6088496640
6.4800000000 5.6267371186
6.4900000000 5.6446412570
6.5000000000 5.6625620515
6.5100000000 5.6804994745
6.5200000000 5.6984534984
6.5300000000 5.7164240957
6.5400000000 5.7344112392
6.5500000000 5.7524149015
6.5600000000 5.7704350555
6.5700000000 5.7884716740
6.5800000000 5.8065247301
6.5900000000 5.8245941968
6.6000000000 5.8426800473
6.6100000000 5.8607822550
6.6200000000 5.8789007930
6.6300000000 5.8970356349
6.6400000000 5.9151867541
6.6500000000 5.9333541244
6.6600000000 5.9515377193
6.6700000000 5.9697375126
6.6800000000 5.9879534783
6.6900000000 6.0061855902
6.7000000000 6.0244338223
6.7100000000 6.0426981489
6.7200000000 6.0609785440
6.7300000000 6.0792749820
6.7400000000 6.0975874372
6.7500000000 6.1159158841
6.7600000000 6.1342602971
6.7700000000 6.1526206509
6.7800000000 6.1709969202
6.7900000000 6.1893890797
6.8000000000 6.2077971042
6.8100000000 6.2262209687
6.8200000000 6.2446606482
6.8300000000 6.2631161178
6.8400000000 6.2815873526
6.8500000000 6.3000743279
6.8600000000 6.3185770189
6.8700000000 6.3370954011
6.8800000000 6.3556294499
6.8900000000 6.3741791408
6.9000000000 6.3927444496
6.9100000000 6.4113253518
6.9200000000 6.4299218233
6.9300000000 6.4485338399
6.9400000000 6.4671613776
6.9500000000 6.4858044122
6.9600000000 6.5044629199
6.9700000000 6.5231368768
6.9800000000 6.5418262592
6.9900000000 6.5605310433
7.0000000000 6.5792512055
7.0100000000 6.5979867178
7.0200000000 6.6167375656
7.0300000000 6.6355037210
7.0400000000 6.6542851606
7.0500000000 6.6730818612
7.0600000000 6.6918937996
7.0700000000 6.7107209526
7.0800000000 6.7295632972
7.0900000000 6.7484208103
7.1000000000 6.7672934690
7.1100000000 6.7861812505
7.1200000000 6.8050841320
7.1300000000 6.8240020907
7.1400000000 6.8429351040
7.1500000000 6.8618831493
7.1600000000 6.8808462041
7.1700000000 6.8998242460
7.1800000000 6.9188172524
7.1900000000 6.9378252012
7.2000000000 6.9568480701
7.2100000000 6.9758858368
7.2200000000 6.9949384793
7.2300000000 7.0140059756
7.2400000000 7.0330883035
7.2500000000 7.0521854412
7.2600000000 7.0712973668
7.2700000000 7.0904240586
7.2800000000 7.1095654948
7.2900000000 7.1287216537
7.3000000000 7.1478925137
7.3100000000 7.1670780533
7.3200000000 7.1862782511
7.3300000000 7.2054930855
7.3400000000 7.2247225352
7.3500000000 7.2439665790
7.3600000000 7.2632251955
7.3700000000 7.2824983638
7.3800000000 7.3017860625
7.3900000000 7.3210882707
7.4000000000 7.3404049675
7.4100000000 7.3597361318
7.4200000000 7.3790817428
7.4300000000 7.3984417797
7.4400000000 7.4178162218
7.4500000000 7.4372050484
7.4600000000 7.4566082388
7.4700000000 7.4760257725
7.4800000000 7.4954576289
7.4900000000 7.5149037877
7.5000000000 7.5343642284
7.5100000000 7.5538389307
7.5200000000 7.5733278743
7.5300000000 7.5928310390
7.5400000000 7.6123484047
7.5500000000 7.6318799512
7.5600000000 7.6514256584
7.5700000000 7.6709855065
7.5800000000 7.6905594754
7.5900000000 7.7101475453
7.6000000000 7.7297496964
7.6100000000 7.7493659088
7.6200000000 7.7689961629
7.6300000000 7.7886404391
7.6400000000 7.8082987176
7.6500000000 7.8279709790
7.6600000000 7.8476572038
7.6700000000 7.8673573725
7.6800000000 7.8870714658
7.6900000000 7.9067994643
7.7000000000 7.9265413487
7.7100000000 7.9462970999
7.7200000000 7.9660666986
7.7300000000 7.9858501257
7.7400000000 8.0056473622
7.7500000000 8.0254583890
7.7600000000 8.0452831872
7.7700000000 8.0651217378
7.7800000000 8.0849740221
7.7900000000 8.1048400212
7.8000000000 8.1247197164
7.8100000000 8.1446130889
7.8200000000 8.1645201201
7.8300000000 8.1844407914
7.8400000000 8.2043750843
7.8500000000 8.2243229801
7.8600000000 8.2442844606
7.8700000000 8.2642595073
7.8800000000 8.2842481018
7.8900000000 8.3042502259
7.9000000000 8.3242658612
7.9100000000 8.3442949896
7.9200000000 8.3643375930
7.9300000000 8.3843936531
7.9400000000 8.4044631521
7.9500000000 8.4245460718
7.9600000000 8.4446423943
7.9700000000 8.4647521016
7.9800000000 8.4848751760
7.9900000000 8.5050115996
8.0000000000 8.5251613546
8.0100000000 8.5453244189
8.0200000000 8.5655007836
8.0300000000 8.5856904268
8.0400000000 8.6058933308
8.0500000000 8.6261094781
8.0600000000 8.6463388511
8.0700000000 8.6665814325
8.0800000000 8.6868372049
8.0900000000 8.7071061508
8.1000000000 8.7273882531
8.1100000000 8.7476834944
8.1200000000 8.7679918574
8.1300000000 8.7883133252
8.1400000000 8.8086478804
8.1500000000 8.8289955061
8.1600000000 8.8493561851
8.1700000000 8.8697299006
8.1800000000 8.8901166355
8.1900000000 8.9105163730
8.2000000000 8.9309290961
8.2100000000 8.9513547881
8.2200000000 8.9717934322
8.2300000000 8.9922450117
8.2400000000 9.0127095099
8.2500000000 9.0331869101
8.2600000000 9.0536771957
8.2700000000 9.0741803502
8.2800000000 9.0946963570
8.2900000000 9.1152251997
8.3000000000 9.1357668619
8.3100000000 9.1563213271
8.3200000000 9.1768885790
8.3300000000 9.1974686014
8.3400000000 9.2180613778
8.3500000000 9.2386668922
8.3600000000 9.2592851283
8.3700000000 9.2799160700
8.3800000000 9.3005597011
8.3900000000 9.3212160057
8.4000000000 9.3418849677
8.4100000000 9.3625665711
8.4200000000 9.3832608000
8.4300000000 9.4039676385
8.4400000000 9.4246870707
8.4500000000 9.4454190808
8.4600000000 9.4661636530
8.4700000000 9.4869207716
8.4800000000 9.5076904209
8.4900000000 9.5284725852
8.5000000000 9.5492672489
8.5100000000 9.5700743965
8.5200000000 9.5908940123
8.5300000000 9.6117260808
8.5400000000 9.6325705867
8.5500000000 9.6534275144
8.5600000000 9.6742968486
8.5700000000 9.6951785740
8.5800000000 9.7160726751
8.5900000000 9.7369791367
8.6000000000 9.7578979437
8.6100000000 9.7788290807
8.6200000000 9.7997725326
8.6300000000 9.8207282844
8.6400000000 9.8416963208
8.6500000000 9.8626766269
8.6600000000 9.8836691876
8.6700000000 9.9046739879
8.6800000000 9.9256910130
8.6900000000 9.9467202478
8.7000000000 9.9677616776
8.7100000000 9.9888152875
8.7200000000 10.0098810626
8.7300000000 10.0309589883
8.7400000000 10.0520490498
8.7500000000 10.0731512323
8.7600000000 10.0942655214
8.7700000000 10.1153919022
8.7800000000 10.1365303603
8.7900000000 10.1576808811
8.8000000000 10.1788434501
8.8100000000 10.2000180528
8.8200000000 10.2212046747
8.8300000000 10.2424033014
8.8400000000 10.2636139186
8.8500000000 10.2848365119
8.8600000000 10.3060710671
8.8700000000 10.3273175697
8.8800000000 10.3485760057
8.8900000000 10.3698463607
8.9000000000 10.3911286207
8.9100000000 10.4124227714
8.9200000000 10.4337287988
8.9300000000 10.4550466888
8.9400000000 10.4763764273
8.9500000000 10.4977180004
8.9600000000 10.5190713941
8.9700000000 10.5404365944
8.9800000000 10.5618135875
8.9900000000 10.5832023594
9.0000000000 10.6046028963
9.0100000000 10.6260151800
9.0200000000 10.6474392055
9.0300000000 10.6688749548
9.0400000000 10.6903224140
9.0500000000 10.7117815695
9.0600000000 10.7332524076
9.0700000000 10.7547349148
9.0800000000 10.7762290774
9.0900000000 10.7977348819
9.1000000000 10.8192523148
9.1100000000 10.8407813625
9.1200000000 10.8623220116
9.1300000000 10.8838742487
9.1400000000 10.9054380604
9.1500000000 10.9270134333
9.1600000000 10.9486003541
9.1700000000 10.9701988094
9.1800000000 10.9918087861
9.1900000000 11.0134302708
9.2000000000 11.0350632504
9.2100000000 11.0567077116
9.2200000000 11.0783636413
9.2300000000 11.1000310264
9.2400000000 11.1217098538
9.2500000000 11.1434001104
9.2600000000 11.1651017832
9.2700000000 11.1868148592
9.2800000000 11.2085393254
9.2900000000 11.2302751689
9.3000000000 11.2520223767
9.3100000000 11.2737809360
9.3200000000 11.2955508339
9.3300000000 11.3173320575
9.3400000000 11.3391245942
9.3500000000 11.3609284310
9.3600000000 11.3827435554
9.3700000000 11.4045699545
9.3800000000 11.4264076156
9.3900000000 11.4482565262
9.4000000000 11.4701166735
9.4100000000 11.4919880451
9.4200000000 11.5138706282
9.4300000000 11.5357644105
9.4400000000 11.5576693793
9.4500000000 11.5795855221
9.4600000000 11.6015128266
9.4700000000 11.6234512803
9.4800000000 11.6454008707
9.4900000000 11.6673615856
9.5000000000 11.6893334124
9.5100000000 11.7113163391
9.5200000000 11.7333103531
9.5300000000 11.7553154424
9.5400000000 11.7773315945
9.5500000000 11.7993587974
9.5600000000 11.8213970388
9.5700000000 11.8434463066
9.5800000000 11.8655065886
9.5900000000 11.8875778727
9.6000000000 11.9096601469
9.6100000000 11.9317533991
9.6200000000 11.9538576173
9.6300000000 11.9759727895
9.6400000000 11.9980989036
9.6500000000 12.0202359478
9.6600000000 12.0423839101
9.6700000000 12.0645427787
9.6800000000 12.0867125416
9.6900000000 12.1088931871
9.7000000000 12.1310847033
9.7100000000 12.1532870783
9.7200000000 12.1755003005
9.7300000000 12.1977243581
9.7400000000 12.2199592394
9.7500000000 12.2422049327
9.7600000000 12.2644614263
9.7700000000 12.2867287086
9.7800000000 12.3090067680
9.7900000000 12.3312955928
9.8000000000 12.3535951716
9.8100000000 12.3759054927
9.8200000000 12.3982265447
9.8300000000 12.4205583160
9.8400000000 12.4429007953
9.8500000000 12.4652539710
9.8600000000 12.4876178317
9.8700000000 12.5099923660
9.8800000000 12.5323775627
9.8900000000 12.5547734103
9.9000000000 12.5771798974
9.9100000000 12.5995970129
9.9200000000 12.6220247454
9.9300000000 12.6444630837
9.9400000000 12.6669120165
9.9500000000 12.6893715327
9.9600000000 12.7118416211
9.9700000000 12.7343222705
9.9800000000 12.7568134698
9.9900000000 12.7793152078
10.0000000000 12.8018274736
