1 1 1 0
1.01 1.01 1 0.01005
1.02 1.02 1 0.0202
1.03 1.03 1 0.03045
1.04 1.04 1 0.0408
1.05 1.05 1 0.05125
1.06 1.06 1 0.0618
1.07 1.07 1 0.07245
1.08 1.08 1 0.0832
1.09 1.09 1 0.09405
1.1 1.1 1 0.105
1.11 1.11 1 0.11605
1.12 1.12 1 0.1272
1.13 1.13 1 0.13845
1.14 1.14 1 0.1498
1.15 1.15 1 0.16125
1.16 1.16 1 0.1728
1.17 1.17 1 0.18445
1.18 1.18 1 0.1962
1.19 1.19 1 0.20805
1.2 1.2 1 0.22
1.21 1.21 1 0.23205
1.22 1.22 1 0.2442
1.23 1.23 1 0.25645
1.24 1.24 1 0.2688
1.25 1.25 1 0.28125
1.26 1.26 1 0.2938
1.27 1.27 1 0.30645
1.28 1.28 1 0.3192
1.29 1.29 1 0.33205
1.3 1.3 1 0.345
1.31 1.31 1 0.35805
1.32 1.32 1 0.3712
1.33 1.33 1 0.38445
1.34 1.34 1 0.3978
1.35 1.35 1 0.41125
1.36 1.36 1 0.4248
1.37 1.37 1 0.43845
1.38 1.38 1 0.4522
1.39 1.39 1 0.46605
1.4 1.4 1 0.48
1.41 1.41 1 0.49405
1.42 1.42 1 0.5082
1.43 1.43 1 0.52245
1.44 1.44 1 0.5368
1.45 1.45 1 0.55125
1.46 1.46 1 0.5658
1.47 1.47 1 0.58045
1.48 1.48 1 0.5952
1.49 1.49 1 0.61005
1.5 1.5 1 0.625
1.51 1.51 1 0.64005
1.52 1.52 1 0.6552
1.53 1.53 1 0.67045
1.54 1.54 1 0.6858
1.55 1.55 1 0.70125
1.56 1.56 1 0.7168
1.57 1.57 1 0.73245
1.58 1.58 1 0.7482
1.59 1.59 1 0.76405
1.6 1.6 1 0.78
1.61 1.61 1 0.79605
1.62 1.62 1 0.8122
1.63 1.63 1 0.82845
1.64 1.64 1 0.8448
1.65 1.65 1 0.86125
1.66 1.66 1 0.8778
1.67 1.67 1 0.89445
1.68 1.68 1 0.9112
1.69 1.69 1 0.92805
1.7 1.7 1 0.945
1.71 1.71 1 0.96205
1.72 1.72 1 0.9792
1.73 1.73 1 0.99645
1.74 1.74 1 1.0138
1.75 1.75 1 1.03125
1.76 1.76 1 1.0488
1.77 1.77 1 1.06645
1.78 1.78 1 1.0842
1.79 1.79 1 1.10205
1.8 1.8 1 1.12
1.81 1.81 1 1.13805
1.82 1.82 1 1.1562
1.83 1.83 1 1.17445
1.84 1.84 1 1.1928
1.85 1.85 1 1.21125
1.86 1.86 1 1.2298
1.87 1.87 1 1.24845
1.88 1.88 1 1.2672
1.89 1.89 1 1.28605
1.9 1.9 1 1.305
1.91 1.91 1 1.32405
1.92 1.92 1 1.3432
1.93 1.93 1 1.36245
1.94 1.94 1 1.3818
1.95 1.95 1 1.40125
1.96 1.96 1 1.4208
1.97 1.97 1 1.44045
1.98 1.98 1 1.4602
1.99 1.99 1 1.48005
2 2 1 1.5
2.01 2.01 1 1.52005
2.02 2.02 1 1.5402
2.03 2.03 1 1.56045
2.04 2.04 1 1.5808
2.05 2.05 1 1.60125
2.06 2.06 1 1.6218
2.07 2.07 1 1.64245
2.08 2.08 1 1.6632
2.09 2.09 1 1.68405
2.1 2.1 1 1.705
2.11 2.11 1 1.72605
2.12 2.12 1 1.7472
2.13 2.13 1 1.76845
2.14 2.14 1 1.7898
2.15 2.15 1 1.81125
2.16 2.16 1 1.8328
2.17 2.17 1 1.85445
2.18 2.18 1 1.8762
2.19 2.19 1 1.89805
2.2 2.2 1 1.92
2.21 2.21 1 1.94205
2.22 2.22 1 1.9642
2.23 2.23 1 1.98645
2.24 2.24 1 2.0088
2.25 2.25 1 2.03125
2.26 2.26 1 2.0538
2.27 2.27 1 2.07645
2.28 2.28 1 2.0992
2.29 2.29 1 2.12205
2.3 2.3 1 2.145
2.31 2.31 1 2.16805
2.32 2.32 1 2.1912
2.33 2.33 1 2.21445
2.34 2.34 1 2.2378
2.35 2.35 1 2.26125
2.36 2.36 1 2.2848
2.37 2.37 1 2.30845
2.38 2.38 1 2.3322
2.39 2.39 1 2.35605
2.4 2.4 1 2.38
2.41 2.41 1 2.40405
2.42 2.42 1 2.4282
2.43 2.43 1 2.45245
2.44 2.44 1 2.4768
2.45 2.45 1 2.50125
2.46 2.46 1 2.5258
2.47 2.47 1 2.55045
2.48 2.48 1 2.5752
2.49 2.49 1 2.60005
2.5 2.5 1 2.625
2.51 2.51 1 2.65005
2.52 2.52 1 2.6752
2.53 2.53 1 2.70045
2.54 2.54 1 2.7258
2.55 2.55 1 2.75125
2.56 2.56 1 2.7768
2.57 2.57 1 2.80245
2.58 2.58 1 2.8282
2.59 2.59 1 2.85405
2.6 2.6 1 2.88
2.61 2.61 1 2.90605
2.62 2.62 1 2.9322
2.63 2.63 1 2.95845
2.64 2.64 1 2.9848
2.65 2.65 1 3.01125
2.66 2.66 1 3.0378
2.67 2.67 1 3.06445
2.68 2.68 1 3.0912
2.69 2.69 1 3.11805
2.7 2.7 1 3.145
2.71 2.71 1 3.17205
2.72 2.72 1 3.1992
2.73 2.73 1 3.22645
2.74 2.74 1 3.2538
2.75 2.75 1 3.28125
2.76 2.76 1 3.3088
2.77 2.77 1 3.33645
2.78 2.78 1 3.3642
2.79 2.79 1 3.39205
2.8 2.8 1 3.42
2.81 2.81 1 3.44805
2.82 2.82 1 3.4762
2.83 2.83 1 3.50445
2.84 2.84 1 3.5328
2.85 2.85 1 3.56125
2.86 2.86 1 3.5898
2.87 2.87 1 3.61845
2.88 2.88 1 3.6472
2.89 2.89 1 3.67605
2.9 2.9 1 3.705
2.91 2.91 1 3.73405
2.92 2.92 1 3.7632
2.93 2.93 1 3.79245
2.94 2.94 1 3.8218
2.95 2.95 1 3.85125
2.96 2.96 1 3.8808
2.97 2.97 1 3.91045
2.98 2.98 1 3.9402
2.99 2.99 1 3.97005
3 3 1 4
3.01 3.01 1 4.03005
3.02 3.02 1 4.0602
3.03 3.03 1 4.09045
3.04 3.04 1 4.1208
3.05 3.05 1 4.15125
3.06 3.06 1 4.1818
3.07 3.07 1 4.21245
3.08 3.08 1 4.2432
3.09 3.09 1 4.27405
3.1 3.1 1 4.305
3.11 3.11 1 4.33605
3.12 3.12 1 4.3672
3.13 3.13 1 4.39845
3.14 3.14 1 4.4298
3.15 3.15 1 4.46125
3.16 3.16 1 4.4928
3.17 3.17 1 4.52445
3.18 3.18 1 4.5562
3.19 3.19 1 4.58805
3.2 3.2 1 4.62
3.21 3.21 1 4.65205
3.22 3.22 1 4.6842
3.23 3.23 1 4.71645
3.24 3.24 1 4.7488
3.25 3.25 1 4.78125
3.26 3.26 1 4.8138
3.27 3.27 1 4.84645
3.28 3.28 1 4.8792
3.29 3.29 1 4.91205
3.3 3.3 1 4.945
3.31 3.31 1 4.97805
3.32 3.32 1 5.0112
3.33 3.33 1 5.04445
3.34 3.34 1 5.0778
3.35 3.35 1 5.11125
3.36 3.36 1 5.1448
3.37 3.37 1 5.17845
3.38 3.38 1 5.2122
3.39 3.39 1 5.24605
3.4 3.4 1 5.28
3.41 3.41 1 5.31405
3.42 3.42 1 5.3482
3.43 3.43 1 5.38245
3.44 3.44 1 5.4168
3.45 3.45 1 5.45125
3.46 3.46 1 5.4858
3.47 3.47 1 5.52045
3.48 3.48 1 5.5552
3.49 3.49 1 5.59005
3.5 3.5 1 5.625
3.51 3.51 1 5.66005
3.52 3.52 1 5.6952
3.53 3.53 1 5.73045
3.54 3.54 1 5.7658
3.55 3.55 1 5.80125
3.56 3.56 1 5.8368
3.57 3.57 1 5.87245
3.58 3.58 1 5.9082
3.59 3.59 1 5.94405
3.6 3.6 1 5.98
3.61 3.61 1 6.01605
3.62 3.62 1 6.0522
3.63 3.63 1 6.08845
3.64 3.64 1 6.1248
3.65 3.65 1 6.16125
3.66 3.66 1 6.1978
3.67 3.67 1 6.23445
3.68 3.68 1 6.2712
3.69 3.69 1 6.30805
3.7 3.7 1 6.345
3.71 3.71 1 6.38205
3.72 3.72 1 6.4192
3.73 3.73 1 6.45645
3.74 3.74 1 6.4938
3.75 3.75 1 6.53125
3.76 3.76 1 6.5688
3.77 3.77 1 6.60645
3.78 3.78 1 6.6442
3.79 3.79 1 6.68205
3.8 3.8 1 6.72
3.81 3.81 1 6.75805
3.82 3.82 1 6.7962
3.83 3.83 1 6.83445
3.84 3.84 1 6.8728
3.85 3.85 1 6.91125
3.86 3.86 1 6.9498
3.87 3.87 1 6.98845
3.88 3.88 1 7.0272
3.89 3.89 1 7.06605
3.9 3.9 1 7.105
3.91 3.91 1 7.14405
3.92 3.92 1 7.1832
3.93 3.93 1 7.22245
3.94 3.94 1 7.2618
3.95 3.95 1 7.30125
3.96 3.96 1 7.3408
3.97 3.97 1 7.38045
3.98 3.98 1 7.4202
3.99 3.99 1 7.46005
4 4 1 7.5
4.01 4.01 1 7.54005
4.02 4.02 1 7.5802
4.03 4.03 1 7.62045
4.04 4.04 1 7.6608
4.05 4.05 1 7.70125
4.06 4.06 1 7.7418
4.07 4.07 1 7.78245
4.08 4.08 1 7.8232
4.09 4.09 1 7.86405
4.1 4.1 1 7.905
4.11 4.11 1 7.94605
4.12 4.12 1 7.9872
4.13 4.13 1 8.02845
4.14 4.14 1 8.0698
4.15 4.15 1 8.11125
4.16 4.16 1 8.1528
4.17 4.17 1 8.19445
4.18 4.18 1 8.2362
4.19 4.19 1 8.27805
4.2 4.2 1 8.32
4.21 4.21 1 8.36205
4.22 4.22 1 8.4042
4.23 4.23 1 8.44645
4.24 4.24 1 8.4888
4.25 4.25 1 8.53125
4.26 4.26 1 8.5738
4.27 4.27 1 8.61645
4.28 4.28 1 8.6592
4.29 4.29 1 8.70205
4.3 4.3 1 8.745
4.31 4.31 1 8.78805
4.32 4.32 1 8.8312
4.33 4.33 1 8.87445
4.34 4.34 1 8.9178
4.35 4.35 1 8.96125
4.36 4.36 1 9.0048
4.37 4.37 1 9.04845
4.38 4.38 1 9.0922
4.39 4.39 1 9.13605
4.4 4.4 1 9.18
4.41 4.41 1 9.22405
4.42 4.42 1 9.2682
4.43 4.43 1 9.31245
4.44 4.44 1 9.3568
4.45 4.45 1 9.40125
4.46 4.46 1 9.4458
4.47 4.47 1 9.49045
4.48 4.48 1 9.5352
4.49 4.49 1 9.58005
4.5 4.5 1 9.625
4.51 4.51 1 9.67005
4.52 4.52 1 9.7152
4.53 4.53 1 9.76045
4.54 4.54 1 9.8058
4.55 4.55 1 9.85125
4.56 4.56 1 9.8968
4.57 4.57 1 9.94245
4.58 4.58 1 9.9882
4.59 4.59 1 10.034
4.6 4.6 1 10.08
4.61 4.61 1 10.126
4.62 4.62 1 10.1722
4.63 4.63 1 10.2184
4.64 4.64 1 10.2648
4.65 4.65 1 10.3112
4.66 4.66 1 10.3578
4.67 4.67 1 10.4044
4.68 4.68 1 10.4512
4.69 4.69 1 10.498
4.7 4.7 1 10.545
4.71 4.71 1 10.592
4.72 4.72 1 10.6392
4.73 4.73 1 10.6864
4.74 4.74 1 10.7338
4.75 4.75 1 10.7812
4.76 4.76 1 10.8288
4.77 4.77 1 10.8764
4.78 4.78 1 10.9242
4.79 4.79 1 10.972
4.8 4.8 1 11.02
4.81 4.81 1 11.068
4.82 4.82 1 11.1162
4.83 4.83 1 11.1644
4.84 4.84 1 11.2128
4.85 4.85 1 11.2612
4.86 4.86 1 11.3098
4.87 4.87 1 11.3584
4.88 4.88 1 11.4072
4.89 4.89 1 11.456
4.9 4.9 1 11.505
4.91 4.91 1 11.554
4.92 4.92 1 11.6032
4.93 4.93 1 11.6524
4.94 4.94 1 11.7018
4.95 4.95 1 11.7512
4.96 4.96 1 11.8008
4.97 4.97 1 11.8504
4.98 4.98 1 11.9002
4.99 4.99 1 11.95
5 5 1 12
