0 142.457 147.592 137.501 142.457 142.457
0.1 140.045 145.093 135.173 139.945 140.145
0.2 137.673 142.636 132.884 137.476 137.871
0.3 135.342 140.22 130.633 135.051 135.633
0.4 133.05 137.846 128.421 132.669 133.432
0.5 130.797 135.512 126.247 130.329 131.266
0.6 128.582 133.217 124.109 128.031 129.136
0.7 126.405 130.961 122.007 125.772 127.04
0.8 124.264 128.743 119.941 123.554 124.979
0.9 122.16 126.563 117.91 121.375 122.95
1 120.091 124.42 115.913 119.234 120.955
1.1 118.058 122.313 113.95 117.131 118.992
1.2 116.059 120.242 112.021 115.065 117.061
1.3 114.093 118.206 110.124 113.035 115.161
1.4 112.161 116.204 108.259 111.042 113.292
1.5 110.262 114.236 106.426 109.083 111.453
1.6 108.395 112.302 104.624 107.159 109.644
1.7 106.559 110.4 102.852 105.269 107.865
1.8 104.755 108.53 101.11 103.412 106.114
1.9 102.981 106.693 99.3979 101.588 104.392
2 101.237 104.886 97.7147 99.7966 102.698
2.1 99.5225 103.11 96.06 98.0364 101.031
2.2 97.8372 101.364 94.4334 96.3072 99.3915
2.3 96.1804 99.6472 92.8342 94.6085 97.7784
2.4 94.5517 97.9597 91.2622 92.9398 96.1915
2.5 92.9505 96.3009 89.7168 91.3005 94.6304
2.6 91.3765 94.6701 88.1975 89.6902 93.0946
2.7 89.8292 93.067 86.704 88.1082 91.5837
2.8 88.308 91.491 85.2357 86.5542 90.0974
2.9 86.8126 89.9417 83.7923 85.0275 88.6351
3 85.3425 88.4186 82.3734 83.5278 87.1966
3.1 83.8973 86.9214 80.9785 82.0545 85.7815
3.2 82.4766 85.4494 79.6072 80.6073 84.3893
3.3 81.08 84.0024 78.2591 79.1855 83.0197
3.4 79.7069 82.5799 76.9339 77.7888 81.6724
3.5 78.3572 81.1815 75.6311 76.4168 80.3469
3.6 77.0303 79.8068 74.3504 75.0689 79.0429
3.7 75.7259 78.4554 73.0913 73.7449 77.7601
3.8 74.4435 77.1268 71.8536 72.4442 76.4981
3.9 73.1829 75.8207 70.6368 71.1664 75.2565
4 71.9436 74.5368 69.4407 69.9112 74.0352
4.1 70.7253 73.2746 68.2648 68.6781 72.8336
4.2 69.5277 72.0338 67.1088 67.4667 71.6516
4.3 68.3503 70.8139 65.9724 66.2767 70.4887
4.4 67.1929 69.6148 64.8552 65.1077 69.3447
4.5 66.055 68.4359 63.7569 63.9594 68.2193
4.6 64.9364 67.277 62.6773 62.8313 67.1121
4.7 63.8368 66.1378 61.6159 61.723 66.023
4.8 62.7558 65.0178 60.5725 60.6344 64.9514
4.9 61.6931 63.9168 59.5468 59.5649 63.8973
5 60.6484 62.8344 58.5384 58.5143 62.8603
5.1 59.6214 61.7704 57.5471 57.4822 61.8401
5.2 58.6117 60.7244 56.5726 56.4683 60.8365
5.3 57.6192 59.6961 55.6146 55.4724 59.8491
5.4 56.6435 58.6852 54.6728 54.4939 58.8778
5.5 55.6843 57.6914 53.747 53.5328 57.9223
5.6 54.7413 56.7145 52.8369 52.5886 56.9822
5.7 53.8143 55.7541 51.9421 51.661 56.0574
5.8 52.9031 54.8099 51.0625 50.7498 55.1477
5.9 52.0072 53.8818 50.1978 49.8547 54.2527
6 51.1265 52.9693 49.3478 48.9753 53.3722
6.1 50.2607 52.0724 48.5121 48.1115 52.506
6.2 49.4096 51.1906 47.6906 47.2629 51.6538
6.3 48.5729 50.3237 46.883 46.4293 50.8155
6.4 47.7504 49.4715 46.0891 45.6104 49.9908
6.5 46.9418 48.6338 45.3087 44.8059 49.1795
6.6 46.1469 47.8102 44.5414 44.0156 48.3813
6.7 45.3654 47.0006 43.7871 43.2393 47.5961
6.8 44.5972 46.2047 43.0456 42.4766 46.8237
6.9 43.842 45.4223 42.3167 41.7274 46.0638
7 43.0996 44.6531 41.6001 40.9914 45.3162
7.1 42.3697 43.8969 40.8957 40.2684 44.5807
7.2 41.6522 43.1536 40.2031 39.5581 43.8572
7.3 40.9469 42.4228 39.5223 38.8604 43.1454
7.4 40.2535 41.7044 38.8531 38.175 42.4452
7.5 39.5719 40.9982 38.1951 37.5017 41.7563
7.6 38.9018 40.3039 37.5483 36.8402 41.0787
7.7 38.243 39.6214 36.9125 36.1904 40.412
7.8 37.5954 38.9505 36.2874 35.5521 39.7561
7.9 36.9587 38.2909 35.6729 34.925 39.1109
8 36.3329 37.6425 35.0688 34.309 38.4761
8.1 35.7176 37.005 34.475 33.7039 37.8517
8.2 35.1128 36.3784 33.8912 33.1094 37.2374
8.3 34.5182 35.7624 33.3173 32.5254 36.633
8.4 33.9337 35.1568 32.7531 31.9517 36.0385
8.5 33.359 34.5614 32.1984 31.3882 35.4536
8.6 32.7941 33.9762 31.6532 30.8345 34.8782
8.7 32.2388 33.4008 31.1172 30.2907 34.3122
8.8 31.6929 32.8352 30.5903 29.7564 33.7553
8.9 31.1562 32.2792 30.0722 29.2316 33.2075
9 30.6286 31.7326 29.563 28.716 32.6685
9.1 30.1099 31.1952 29.0624 28.2095 32.1384
9.2 29.6 30.6669 28.5702 27.7119 31.6168
9.3 29.0988 30.1476 28.0864 27.2232 31.1037
9.4 28.606 29.6371 27.6108 26.743 30.5989
9.5 28.1216 29.1352 27.1433 26.2713 30.1023
9.6 27.6454 28.6419 26.6836 25.8079 29.6137
9.7 27.1773 28.1568 26.2317 25.3527 29.1331
9.8 26.717 27.68 25.7875 24.9055 28.6603
9.9 26.2646 27.2113 25.3509 24.4663 28.1951
10 25.8198 26.7505 24.9216 24.0347 27.7376
10.1 25.3826 26.2975 24.4995 23.6108 27.2874
10.2 24.9528 25.8522 24.0847 23.1944 26.8445
10.3 24.5302 25.4144 23.6768 22.7853 26.4089
10.4 24.1148 24.9841 23.2759 22.3834 25.9803
10.5 23.7065 24.561 22.8817 21.9886 25.5586
10.6 23.305 24.1451 22.4942 21.6007 25.1438
10.7 22.9104 23.7362 22.1133 21.2197 24.7357
10.8 22.5224 23.3342 21.7389 20.8455 24.3343
10.9 22.141 22.9391 21.3707 20.4778 23.9394
11 21.7661 22.5506 21.0088 20.1166 23.5508
11.1 21.3975 22.1688 20.6531 19.7618 23.1686
11.2 21.0352 21.7934 20.3033 19.4132 22.7926
11.3 20.679 21.4243 19.9595 19.0708 22.4227
11.4 20.3288 21.0615 19.6215 18.7344 22.0588
11.5 19.9845 20.7049 19.2893 18.404 21.7008
11.6 19.6461 20.3543 18.9626 18.0794 21.3486
11.7 19.3134 20.0096 18.6415 17.7605 21.0021
11.8 18.9864 19.6707 18.3258 17.4473 20.6613
11.9 18.6649 19.3376 18.0155 17.1395 20.326
12 18.3488 19.0102 17.7104 16.8372 19.9961
12.1 18.0381 18.6882 17.4105 16.5402 19.6716
12.2 17.7326 18.3718 17.1157 16.2485 19.3523
12.3 17.4323 18.0607 16.8259 15.9619 19.0382
12.4 17.1371 17.7548 16.5409 15.6804 18.7292
12.5 16.8469 17.4542 16.2608 15.4038 18.4253
12.6 16.5617 17.1586 15.9855 15.1321 18.1262
12.7 16.2812 16.868 15.7148 14.8652 17.8321
12.8 16.0055 16.5824 15.4487 14.603 17.5427
12.9 15.7345 16.3016 15.187 14.3454 17.258
13 15.468 16.0255 14.9299 14.0924 16.9779
13.1 15.2061 15.7542 14.677 13.8439 16.7023
13.2 14.9486 15.4874 14.4285 13.5997 16.4313
13.3 14.6954 15.2251 14.1842 13.3598 16.1646
13.4 14.4466 14.9673 13.944 13.1242 15.9023
13.5 14.2019 14.7138 13.7079 12.8927 15.6442
13.6 13.9615 14.4647 13.4757 12.6653 15.3903
13.7 13.725 14.2197 13.2475 12.4419 15.1405
13.8 13.4926 13.9789 13.0232 12.2224 14.8948
13.9 13.2641 13.7422 12.8027 12.0069 14.653
14 13.0395 13.5095 12.5859 11.7951 14.4152
14.1 12.8187 13.2807 12.3727 11.587 14.1813
14.2 12.6016 13.0558 12.1632 11.3827 13.9511
14.3 12.3882 12.8348 11.9572 11.1819 13.7247
14.4 12.1785 12.6174 11.7548 10.9847 13.502
14.5 11.9722 12.4038 11.5557 10.7909 13.2828
14.6 11.7695 12.1937 11.36 10.6006 13.0673
14.7 11.5702 11.9872 11.1676 10.4136 12.8552
14.8 11.3743 11.7842 10.9785 10.2299 12.6466
14.9 11.1816 11.5847 10.7926 10.0495 12.4413
15 10.9923 11.3885 10.6099 9.87226 12.2394
15.1 10.8061 11.1956 10.4302 9.69813 12.0408
15.2 10.6232 11.0061 10.2536 9.52707 11.8453
15.3 10.4433 10.8197 10.0799 9.35904 11.6531
15.4 10.2664 10.6365 9.90924 9.19396 11.464
15.5 10.0926 10.4563 9.74144 9.0318 11.2779
15.6 9.92166 10.2793 9.57648 8.87249 11.0949
15.7 9.75365 10.1052 9.41431 8.716 10.9148
15.8 9.58848 9.93409 9.25489 8.56227 10.7377
15.9 9.42611 9.76587 9.09817 8.41125 10.5634
16 9.26649 9.60049 8.9441 8.26289 10.392
