0 142.457 147.502 137.413
0.1 140.045 145.082 135.008
0.2 137.673 142.703 132.643
0.3 135.342 140.364 130.32
0.4 133.05 138.064 128.037
0.5 130.797 135.802 125.793
0.6 128.582 133.577 123.587
0.7 126.405 131.39 121.42
0.8 124.264 129.239 119.29
0.9 122.16 127.123 117.197
1 120.091 125.043 115.14
1.1 118.058 122.996 113.119
1.2 116.059 120.984 111.133
1.3 114.093 119.005 109.181
1.4 112.161 117.059 107.263
1.5 110.262 115.145 105.379
1.6 108.395 113.262 103.527
1.7 106.559 111.411 101.707
1.8 104.755 109.59 99.9194
1.9 102.981 107.799 98.1626
2 101.237 106.037 96.4364
2.1 99.5225 104.305 94.7403
2.2 97.8372 102.601 93.0737
2.3 96.1804 100.925 91.4362
2.4 94.5517 99.2761 89.8273
2.5 92.9505 97.6546 88.2465
2.6 91.3765 96.0598 86.6932
2.7 89.8292 94.4912 85.1671
2.8 88.308 92.9483 83.6677
2.9 86.8126 91.4308 82.1944
3 85.3425 89.9381 80.7469
3.1 83.8973 88.4699 79.3248
3.2 82.4766 87.0257 77.9275
3.3 81.08 85.6053 76.5547
3.4 79.7069 84.208 75.2059
3.5 78.3572 82.8337 73.8807
3.6 77.0303 81.4819 72.5787
3.7 75.7259 80.1522 71.2995
3.8 74.4435 78.8443 70.0428
3.9 73.1829 77.5577 68.8081
4 71.9436 76.2922 67.595
4.1 70.7253 75.0475 66.4032
4.2 69.5277 73.823 65.2323
4.3 68.3503 72.6186 64.0819
4.4 67.1929 71.4339 62.9518
4.5 66.055 70.2686 61.8414
4.6 64.9364 69.1223 60.7506
4.7 63.8368 67.9947 59.6789
4.8 62.7558 66.8856 58.626
4.9 61.6931 65.7946 57.5916
5 60.6484 64.7214 56.5754
5.1 59.6214 63.6657 55.577
5.2 58.6117 62.6273 54.5962
5.3 57.6192 61.6058 53.6326
5.4 56.6435 60.601 52.6859
5.5 55.6843 59.6127 51.7559
5.6 54.7413 58.6404 50.8422
5.7 53.8143 57.6841 49.9446
5.8 52.9031 56.7433 49.0628
5.9 52.0072 55.8179 48.1965
6 51.1265 54.9076 47.3454
6.1 50.2607 54.0121 46.5093
6.2 49.4096 53.1313 45.6879
6.3 48.5729 52.2648 44.881
6.4 47.7504 51.4125 44.0883
6.5 46.9418 50.5741 43.3095
6.6 46.1469 49.7493 42.5444
6.7 45.3654 48.9381 41.7928
6.8 44.5972 48.14 41.0544
6.9 43.842 47.355 40.329
7 43.0996 46.5827 39.6164
7.1 42.3697 45.8231 38.9164
7.2 41.6522 45.0758 38.2286
7.3 40.9469 44.3408 37.553
7.4 40.2535 43.6177 36.8893
7.5 39.5719 42.9064 36.2373
7.6 38.9018 42.2067 35.5968
7.7 38.243 41.5184 34.9675
7.8 37.5954 40.8414 34.3494
7.9 36.9587 40.1754 33.7421
8 36.3329 39.5202 33.1456
8.1 35.7176 38.8757 32.5595
8.2 35.1128 38.2418 31.9838
8.3 34.5182 37.6181 31.4182
8.4 33.9337 37.0047 30.8626
8.5 33.359 36.4012 30.3168
8.6 32.7941 35.8076 29.7807
8.7 32.2388 35.2236 29.2539
8.8 31.6929 34.6492 28.7365
8.9 31.1562 34.0841 28.2282
9 30.6286 33.5283 27.7289
9.1 30.1099 32.9815 27.2383
9.2 29.6 32.4436 26.7565
9.3 29.0988 31.9145 26.2831
9.4 28.606 31.394 25.8181
9.5 28.1216 30.882 25.3612
9.6 27.6454 30.3783 24.9125
9.7 27.1773 29.8829 24.4716
9.8 26.717 29.3955 24.0386
9.9 26.2646 28.9161 23.6132
10 25.8198 28.4445 23.1952
10.1 25.3826 27.9805 22.7847
10.2 24.9528 27.5242 22.3814
10.3 24.5302 27.0752 21.9853
10.4 24.1148 26.6336 21.5961
10.5 23.7065 26.1992 21.2138
10.6 23.305 25.7719 20.8382
10.7 22.9104 25.3515 20.4693
10.8 22.5224 24.938 20.1069
10.9 22.141 24.5312 19.7509
11 21.7661 24.131 19.4012
11.1 21.3975 23.7374 19.0576
11.2 21.0352 23.3502 18.7201
11.3 20.679 22.9693 18.3886
11.4 20.3288 22.5946 18.063
11.5 19.9845 22.226 17.743
11.6 19.6461 21.8634 17.4288
11.7 19.3134 21.5068 17.1201
11.8 18.9864 21.1559 16.8168
11.9 18.6649 20.8108 16.5189
12 18.3488 20.4713 16.2263
12.1 18.0381 20.1373 15.9389
12.2 17.7326 19.8088 15.6565
12.3 17.4323 19.4856 15.3791
12.4 17.1371 19.1677 15.1066
12.5 16.8469 18.8549 14.8389
12.6 16.5617 18.5473 14.576
12.7 16.2812 18.2447 14.3177
12.8 16.0055 17.947 14.064
12.9 15.7345 17.6542 13.8147
13 15.468 17.3661 13.5699
13.1 15.2061 17.0828 13.3294
13.2 14.9486 16.804 13.0931
13.3 14.6954 16.5298 12.8611
13.4 14.4466 16.2601 12.6331
13.5 14.2019 15.9948 12.4091
13.6 13.9615 15.7337 12.1892
13.7 13.725 15.477 11.9731
13.8 13.4926 15.2244 11.7608
13.9 13.2641 14.976 11.5523
14 13.0395 14.7316 11.3474
14.1 12.8187 14.4912 11.1462
14.2 12.6016 14.2547 10.9486
14.3 12.3882 14.022 10.7544
14.4 12.1785 13.7932 10.5637
14.5 11.9722 13.5681 10.3764
14.6 11.7695 13.3466 10.1924
14.7 11.5702 13.1288 10.0116
14.8 11.3743 12.9145 9.83401
14.9 11.1816 12.7037 9.65958
15 10.9923 12.4963 9.48823
15.1 10.8061 12.2924 9.31992
15.2 10.6232 12.0917 9.15459
15.3 10.4433 11.8943 8.99218
15.4 10.2664 11.7002 8.83264
15.5 10.0926 11.5092 8.67593
15.6 9.92166 11.3213 8.522
15.7 9.75365 11.1365 8.37079
15.8 9.58848 10.9547 8.22225
15.9 9.42611 10.7759 8.07634
16 9.26649 10.6 7.93302
