0 0 0
0.01 0.00998776 0.00999983
0.02 0.019951 0.0199987
0.03 0.0298898 0.0299955
0.04 0.0398041 0.0399893
0.05 0.049694 0.0499792
0.06 0.0595593 0.059964
0.07 0.0694002 0.0699428
0.08 0.0792165 0.0799147
0.09 0.0890084 0.0898785
0.1 0.0987758 0.0998334
0.11 0.108519 0.109778
0.12 0.118237 0.119712
0.13 0.127931 0.129634
0.14 0.137601 0.139543
0.15 0.147246 0.149438
0.16 0.156866 0.159318
0.17 0.166462 0.169182
0.18 0.176034 0.17903
0.19 0.185581 0.188859
0.2 0.195103 0.198669
0.21 0.204601 0.20846
0.22 0.214075 0.21823
0.23 0.223524 0.227978
0.24 0.232949 0.237703
0.25 0.242349 0.247404
0.26 0.251725 0.257081
0.27 0.261076 0.266731
0.28 0.270402 0.276356
0.29 0.279705 0.285952
0.3 0.288982 0.29552
0.31 0.298236 0.305059
0.32 0.307464 0.314567
0.33 0.316669 0.324043
0.34 0.325849 0.333487
0.35 0.335004 0.342898
0.36 0.344135 0.352274
0.37 0.353241 0.361615
0.38 0.362323 0.37092
0.39 0.37138 0.380188
0.4 0.380413 0.389418
0.41 0.389422 0.398609
0.42 0.398406 0.40776
0.43 0.407365 0.416871
0.44 0.4163 0.425939
0.45 0.42521 0.434966
0.46 0.434096 0.443948
0.47 0.442958 0.452886
0.48 0.451795 0.461779
0.49 0.460608 0.470626
0.5 0.469396 0.479426
0.51 0.478138 0.488177
0.52 0.486812 0.49688
0.53 0.49542 0.505533
0.54 0.503959 0.514136
0.55 0.512432 0.522687
0.56 0.520836 0.531186
0.57 0.529174 0.539632
0.58 0.537444 0.548024
0.59 0.545646 0.556361
0.6 0.553781 0.564642
0.61 0.561849 0.572867
0.62 0.569849 0.581035
0.63 0.577781 0.589145
0.64 0.585647 0.597195
0.65 0.593444 0.605186
0.66 0.601174 0.613117
0.67 0.608837 0.620986
0.68 0.616433 0.628793
0.69 0.623961 0.636537
0.7 0.631421 0.644218
0.71 0.638814 0.651834
0.72 0.646139 0.659385
0.73 0.653398 0.66687
0.74 0.660588 0.674288
0.75 0.667711 0.681639
0.76 0.674767 0.688921
0.77 0.681755 0.696135
0.78 0.688676 0.703279
0.79 0.695529 0.710353
0.8 0.702315 0.717356
0.81 0.709034 0.724287
0.82 0.715685 0.731146
0.83 0.722268 0.737931
0.84 0.728784 0.744643
0.85 0.735233 0.75128
0.86 0.741614 0.757843
0.87 0.747928 0.764329
0.88 0.754174 0.770739
0.89 0.760353 0.777072
0.9 0.766464 0.783327
0.91 0.772508 0.789504
0.92 0.778484 0.795602
0.93 0.784393 0.80162
0.94 0.790235 0.807558
0.95 0.796009 0.813416
0.96 0.801715 0.819192
0.97 0.807354 0.824886
0.98 0.812926 0.830497
0.99 0.81843 0.836026
1 0.823867 0.841471
1.01 0.829223 0.846832
1.02 0.834485 0.852108
1.03 0.839653 0.857299
1.04 0.844728 0.862404
1.05 0.849708 0.867423
1.06 0.854595 0.872355
1.07 0.859387 0.877201
1.08 0.864086 0.881958
1.09 0.868691 0.886627
1.1 0.873201 0.891207
1.11 0.877618 0.895699
1.12 0.881941 0.9001
1.13 0.886171 0.904412
1.14 0.890306 0.908633
1.15 0.894347 0.912764
1.16 0.898294 0.916803
1.17 0.902148 0.920751
1.18 0.905907 0.924606
1.19 0.909573 0.928369
1.2 0.913145 0.932039
1.21 0.916623 0.935616
1.22 0.920006 0.939099
1.23 0.923296 0.942489
1.24 0.926492 0.945784
1.25 0.929595 0.948985
1.26 0.932603 0.95209
1.27 0.935517 0.955101
1.28 0.938338 0.958016
1.29 0.941064 0.960835
1.3 0.943697 0.963558
1.31 0.946235 0.966185
1.32 0.94868 0.968715
1.33 0.951031 0.971148
1.34 0.953288 0.973485
1.35 0.955451 0.975723
1.36 0.95752 0.977865
1.37 0.959495 0.979908
1.38 0.961377 0.981854
1.39 0.963164 0.983701
1.4 0.964857 0.98545
1.41 0.966457 0.9871
1.42 0.967963 0.988652
1.43 0.969374 0.990105
1.44 0.970692 0.991458
1.45 0.971916 0.992713
1.46 0.973046 0.993868
1.47 0.974082 0.994924
1.48 0.975024 0.995881
1.49 0.975872 0.996738
1.5 0.976627 0.997495
1.51 0.977285 0.998152
1.52 0.977847 0.99871
1.53 0.978311 0.999168
1.54 0.978677 0.999526
1.55 0.978946 0.999784
1.56 0.979118 0.999942
1.57 0.979193 1
1.58 0.97917 0.999958
1.59 0.979049 0.999816
1.6 0.978832 0.999574
1.61 0.978517 0.999232
1.62 0.978104 0.99879
1.63 0.977594 0.998248
1.64 0.976987 0.997606
1.65 0.976282 0.996865
1.66 0.97548 0.996024
1.67 0.974581 0.995083
1.68 0.973584 0.994043
1.69 0.97249 0.992904
1.7 0.971299 0.991665
1.71 0.97001 0.990327
1.72 0.968624 0.98889
1.73 0.96714 0.987354
1.74 0.965559 0.985719
1.75 0.963881 0.983986
1.76 0.962105 0.982154
1.77 0.960232 0.980224
1.78 0.958261 0.978197
1.79 0.956194 0.976071
1.8 0.954028 0.973848
1.81 0.951766 0.971527
1.82 0.949406 0.969109
1.83 0.946948 0.966594
1.84 0.944394 0.963983
1.85 0.941741 0.961275
1.86 0.938992 0.958471
1.87 0.936145 0.955572
1.88 0.933201 0.952576
1.89 0.930159 0.949486
1.9 0.92702 0.9463
1.91 0.923784 0.94302
1.92 0.92045 0.939645
1.93 0.917019 0.936177
1.94 0.91349 0.932615
1.95 0.909864 0.92896
1.96 0.906141 0.925212
1.97 0.902321 0.921371
1.98 0.898403 0.917438
1.99 0.894387 0.913413
2 0.890274 0.909297
2.01 0.886074 0.905091
2.02 0.881797 0.900793
2.03 0.877443 0.896406
2.04 0.873012 0.891929
2.05 0.868504 0.887362
2.06 0.86392 0.882707
2.07 0.859258 0.877964
2.08 0.854519 0.873133
2.09 0.849703 0.868215
2.1 0.84481 0.863209
2.11 0.83984 0.858118
2.12 0.834793 0.85294
2.13 0.829669 0.847678
2.14 0.824468 0.84233
2.15 0.81919 0.836899
2.16 0.813835 0.831383
2.17 0.808403 0.825785
2.18 0.802894 0.820104
2.19 0.797308 0.814341
2.2 0.791645 0.808496
2.21 0.785905 0.802571
2.22 0.780088 0.796565
2.23 0.774194 0.79048
2.24 0.768223 0.784316
2.25 0.762175 0.778073
2.26 0.75605 0.771753
2.27 0.749848 0.765355
2.28 0.743569 0.758881
2.29 0.737214 0.752331
2.3 0.730781 0.745705
2.31 0.724271 0.739005
2.32 0.717684 0.732231
2.33 0.71102 0.725384
2.34 0.704279 0.718465
2.35 0.697461 0.711473
2.36 0.690566 0.704411
2.37 0.683594 0.697278
2.38 0.676545 0.690075
2.39 0.669419 0.682803
2.4 0.662216 0.675463
2.41 0.654936 0.668056
2.42 0.647579 0.660581
2.43 0.640145 0.653041
2.44 0.632634 0.645435
2.45 0.625046 0.637765
2.46 0.617381 0.630031
2.47 0.60964 0.622234
2.48 0.601821 0.614374
2.49 0.593925 0.606454
2.5 0.585952 0.598472
2.51 0.577921 0.590431
2.52 0.569853 0.582331
2.53 0.561747 0.574172
2.54 0.553604 0.565956
2.55 0.545422 0.557684
2.56 0.537203 0.549355
2.57 0.528946 0.540972
2.58 0.520652 0.532535
2.59 0.512319 0.524044
2.6 0.503949 0.515501
2.61 0.495541 0.506907
2.62 0.487095 0.498262
2.63 0.478611 0.489567
2.64 0.47009 0.480823
2.65 0.461531 0.472031
2.66 0.452934 0.463191
2.67 0.4443 0.454306
2.68 0.435627 0.445375
2.69 0.426917 0.436399
2.7 0.418169 0.42738
2.71 0.409383 0.418318
2.72 0.40056 0.409214
2.73 0.391699 0.400069
2.74 0.3828 0.390885
2.75 0.373863 0.381661
2.76 0.364888 0.372399
2.77 0.355876 0.3631
2.78 0.346826 0.353764
2.79 0.337738 0.344393
2.8 0.328612 0.334988
2.81 0.319449 0.325549
2.82 0.310248 0.316078
2.83 0.301009 0.306575
2.84 0.291732 0.297041
2.85 0.282417 0.287478
2.86 0.273065 0.277886
2.87 0.263675 0.268266
2.88 0.254247 0.258619
2.89 0.244782 0.248947
2.9 0.235278 0.239249
2.91 0.225737 0.229528
2.92 0.216158 0.219784
2.93 0.206542 0.210017
2.94 0.196887 0.20023
2.95 0.187195 0.190423
2.96 0.177465 0.180596
2.97 0.167697 0.170752
2.98 0.157892 0.16089
2.99 0.148049 0.151013
3 0.138168 0.14112
3.01 0.128273 0.131213
3.02 0.118389 0.121293
3.03 0.108516 0.111361
3.04 0.0986536 0.101418
3.05 0.0888019 0.0914646
3.06 0.0789609 0.0815022
3.07 0.0691305 0.0715315
3.08 0.0593109 0.0615537
3.09 0.049502 0.0515698
3.1 0.0397038 0.0415807
3.11 0.0299163 0.0315874
3.12 0.0201395 0.021591
3.13 0.0103734 0.0115924
3.14 0.000618037 0.00159265
3.15 -0.00912663 -0.00840725
3.16 -0.0188606 -0.0184063
3.17 -0.0285839 -0.0284035
3.18 -0.0382964 -0.0383979
3.19 -0.0479982 -0.0483884
3.2 -0.0576894 -0.0583741
3.21 -0.0673698 -0.068354
3.22 -0.0770395 -0.078327
3.23 -0.0866985 -0.0882922
3.24 -0.0963469 -0.0982486
3.25 -0.105984 -0.108195
3.26 -0.115611 -0.118131
3.27 -0.125228 -0.128055
3.28 -0.134833 -0.137966
3.29 -0.144428 -0.147863
3.3 -0.154012 -0.157746
3.31 -0.163585 -0.167612
3.32 -0.173148 -0.177462
3.33 -0.1827 -0.187295
3.34 -0.192241 -0.197108
3.35 -0.201772 -0.206902
3.36 -0.211291 -0.216675
3.37 -0.2208 -0.226427
3.38 -0.230299 -0.236155
3.39 -0.239787 -0.245861
3.4 -0.249264 -0.255541
3.41 -0.25873 -0.265196
3.42 -0.268185 -0.274825
3.43 -0.27763 -0.284426
3.44 -0.287064 -0.293998
3.45 -0.296488 -0.303542
3.46 -0.305901 -0.313054
3.47 -0.315303 -0.322536
3.48 -0.324694 -0.331985
3.49 -0.334075 -0.341401
3.5 -0.343445 -0.350783
3.51 -0.352781 -0.36013
3.52 -0.362061 -0.369441
3.53 -0.371284 -0.378715
3.54 -0.38045 -0.387951
3.55 -0.38956 -0.397148
3.56 -0.398614 -0.406306
3.57 -0.407611 -0.415423
3.58 -0.416551 -0.424498
3.59 -0.425435 -0.433531
3.6 -0.434262 -0.44252
3.61 -0.443033 -0.451466
3.62 -0.451747 -0.460366
3.63 -0.460404 -0.46922
3.64 -0.469005 -0.478027
3.65 -0.47755 -0.486787
3.66 -0.486038 -0.495497
3.67 -0.494469 -0.504159
3.68 -0.502844 -0.512769
3.69 -0.511162 -0.521329
3.7 -0.519423 -0.529836
3.71 -0.527628 -0.538291
3.72 -0.535777 -0.546691
3.73 -0.543869 -0.555037
3.74 -0.551904 -0.563327
3.75 -0.559883 -0.571561
3.76 -0.567805 -0.579738
3.77 -0.575671 -0.587857
3.78 -0.58348 -0.595917
3.79 -0.591232 -0.603918
3.8 -0.598928 -0.611858
3.81 -0.606568 -0.619737
3.82 -0.614151 -0.627554
3.83 -0.621677 -0.635308
3.84 -0.629147 -0.642999
3.85 -0.63656 -0.650625
3.86 -0.643916 -0.658186
3.87 -0.651216 -0.665682
3.88 -0.65846 -0.673111
3.89 -0.665647 -0.680473
3.9 -0.672777 -0.687766
3.91 -0.679851 -0.694991
3.92 -0.686868 -0.702146
3.93 -0.693829 -0.709231
3.94 -0.700733 -0.716246
3.95 -0.70758 -0.723188
3.96 -0.714371 -0.730058
3.97 -0.721106 -0.736856
3.98 -0.727784 -0.743579
3.99 -0.734405 -0.750228
4 -0.74097 -0.756802
4.01 -0.747462 -0.763301
4.02 -0.753865 -0.769723
4.03 -0.76018 -0.776068
4.04 -0.766407 -0.782336
4.05 -0.772545 -0.788525
4.06 -0.778594 -0.794636
4.07 -0.784555 -0.800667
4.08 -0.790427 -0.806618
4.09 -0.796211 -0.812488
4.1 -0.801906 -0.818277
4.11 -0.807512 -0.823984
4.12 -0.81303 -0.829609
4.13 -0.818459 -0.835151
4.14 -0.8238 -0.840609
4.15 -0.829052 -0.845984
4.16 -0.834216 -0.851273
4.17 -0.839291 -0.856478
4.18 -0.844277 -0.861597
4.19 -0.849175 -0.86663
4.2 -0.853984 -0.871576
4.21 -0.858705 -0.876435
4.22 -0.863337 -0.881206
4.23 -0.867881 -0.885889
4.24 -0.872336 -0.890484
4.25 -0.876703 -0.894989
4.26 -0.880981 -0.899405
4.27 -0.88517 -0.903732
4.28 -0.889271 -0.907967
4.29 -0.893283 -0.912112
4.3 -0.897206 -0.916166
4.31 -0.901042 -0.920128
4.32 -0.904788 -0.923998
4.33 -0.908446 -0.927776
4.34 -0.912015 -0.931461
4.35 -0.915496 -0.935053
4.36 -0.918888 -0.938551
4.37 -0.922192 -0.941955
4.38 -0.925407 -0.945266
4.39 -0.928534 -0.948481
4.4 -0.931571 -0.951602
4.41 -0.934521 -0.954628
4.42 -0.937382 -0.957558
4.43 -0.940154 -0.960392
4.44 -0.942838 -0.963131
4.45 -0.945433 -0.965773
4.46 -0.947939 -0.968319
4.47 -0.950357 -0.970767
4.48 -0.952686 -0.973119
4.49 -0.954927 -0.975373
4.5 -0.95708 -0.97753
4.51 -0.959138 -0.979589
4.52 -0.961098 -0.98155
4.53 -0.962958 -0.983413
4.54 -0.96472 -0.985178
4.55 -0.966383 -0.986844
4.56 -0.967947 -0.988411
4.57 -0.969412 -0.98988
4.58 -0.970779 -0.991249
4.59 -0.972046 -0.99252
4.6 -0.973215 -0.993691
4.61 -0.974284 -0.994763
4.62 -0.975255 -0.995735
4.63 -0.976127 -0.996608
4.64 -0.9769 -0.997381
4.65 -0.977574 -0.998054
4.66 -0.978149 -0.998628
4.67 -0.978625 -0.999102
4.68 -0.979002 -0.999476
4.69 -0.979281 -0.999749
4.7 -0.97946 -0.999923
4.71 -0.979541 -0.999997
4.72 -0.979523 -0.999971
4.73 -0.979406 -0.999845
4.74 -0.97919 -0.999619
4.75 -0.978875 -0.999293
4.76 -0.978461 -0.998867
4.77 -0.977948 -0.998341
4.78 -0.977337 -0.997715
4.79 -0.976626 -0.99699
4.8 -0.975817 -0.996165
4.81 -0.974909 -0.99524
4.82 -0.973902 -0.994216
4.83 -0.972796 -0.993092
4.84 -0.971591 -0.991869
4.85 -0.970287 -0.990547
4.86 -0.968884 -0.989125
4.87 -0.967383 -0.987605
4.88 -0.965782 -0.985986
4.89 -0.964083 -0.984269
4.9 -0.962285 -0.982453
4.91 -0.960387 -0.980538
4.92 -0.958391 -0.978526
4.93 -0.956296 -0.976416
4.94 -0.954103 -0.974208
4.95 -0.95181 -0.971903
4.96 -0.949418 -0.969501
4.97 -0.946928 -0.967001
4.98 -0.944338 -0.964405
4.99 -0.94165 -0.961713
5 -0.938863 -0.958924
5.01 -0.935984 -0.95604
5.02 -0.93302 -0.95306
5.03 -0.929971 -0.949984
5.04 -0.926836 -0.946814
5.05 -0.923617 -0.943549
5.06 -0.920313 -0.940189
5.07 -0.916924 -0.936736
5.08 -0.91345 -0.933189
5.09 -0.909891 -0.929548
5.1 -0.906247 -0.925815
5.11 -0.902518 -0.921989
5.12 -0.898703 -0.91807
5.13 -0.894804 -0.91406
5.14 -0.89082 -0.909959
5.15 -0.886751 -0.905767
5.16 -0.882597 -0.901484
5.17 -0.878358 -0.897111
5.18 -0.874034 -0.892648
5.19 -0.869624 -0.888096
5.2 -0.86513 -0.883455
5.21 -0.860551 -0.878725
5.22 -0.855887 -0.873908
5.23 -0.851138 -0.869004
5.24 -0.846304 -0.864012
5.25 -0.841384 -0.858934
5.26 -0.83638 -0.853771
5.27 -0.831291 -0.848522
5.28 -0.826117 -0.843188
5.29 -0.820858 -0.837769
5.3 -0.815514 -0.832267
5.31 -0.810084 -0.826682
5.32 -0.80457 -0.821014
5.33 -0.798971 -0.815264
5.34 -0.793287 -0.809433
5.35 -0.787518 -0.80352
5.36 -0.781664 -0.797527
5.37 -0.775724 -0.791455
5.38 -0.7697 -0.785303
5.39 -0.763591 -0.779073
5.4 -0.757397 -0.772764
5.41 -0.751118 -0.766379
5.42 -0.744753 -0.759917
5.43 -0.738304 -0.753379
5.44 -0.73177 -0.746765
5.45 -0.725151 -0.740077
5.46 -0.718447 -0.733315
5.47 -0.711658 -0.72648
5.48 -0.704783 -0.719572
5.49 -0.697824 -0.712592
5.5 -0.69078 -0.70554
5.51 -0.683668 -0.698418
5.52 -0.676506 -0.691227
5.53 -0.669294 -0.683966
5.54 -0.662031 -0.676637
5.55 -0.654718 -0.66924
5.56 -0.647354 -0.661776
5.57 -0.639941 -0.654246
5.58 -0.632477 -0.646651
5.59 -0.624963 -0.638991
5.6 -0.617398 -0.631267
5.61 -0.609783 -0.62348
5.62 -0.602118 -0.61563
5.63 -0.594403 -0.607719
5.64 -0.586637 -0.599747
5.65 -0.578821 -0.591716
5.66 -0.570954 -0.583625
5.67 -0.563038 -0.575475
5.68 -0.555071 -0.567269
5.69 -0.547054 -0.559005
5.7 -0.538986 -0.550686
5.71 -0.530868 -0.542311
5.72 -0.5227 -0.533882
5.73 -0.514482 -0.5254
5.74 -0.506213 -0.516865
5.75 -0.497894 -0.508279
5.76 -0.489524 -0.499642
5.77 -0.481105 -0.490955
5.78 -0.472635 -0.482218
5.79 -0.464115 -0.473434
5.8 -0.455544 -0.464602
5.81 -0.446923 -0.455724
5.82 -0.438252 -0.4468
5.83 -0.429531 -0.437832
5.84 -0.420759 -0.428819
5.85 -0.411937 -0.419764
5.86 -0.403064 -0.410667
5.87 -0.394142 -0.401529
5.88 -0.385169 -0.39235
5.89 -0.376146 -0.383133
5.9 -0.367072 -0.373877
5.91 -0.357948 -0.364583
5.92 -0.348774 -0.355254
5.93 -0.33955 -0.345888
5.94 -0.330275 -0.336488
5.95 -0.32095 -0.327055
5.96 -0.311574 -0.317589
5.97 -0.302149 -0.308091
5.98 -0.292673 -0.298562
5.99 -0.283146 -0.289003
6 -0.27357 -0.279415
6.01 -0.263967 -0.2698
6.02 -0.25436 -0.260157
6.03 -0.24475 -0.250489
6.04 -0.235137 -0.240795
6.05 -0.22552 -0.231078
6.06 -0.215901 -0.221337
6.07 -0.206278 -0.211574
6.08 -0.196651 -0.20179
6.09 -0.187022 -0.191986
6.1 -0.177389 -0.182163
6.11 -0.167753 -0.172321
6.12 -0.158113 -0.162462
6.13 -0.14847 -0.152587
6.14 -0.138824 -0.142697
6.15 -0.129175 -0.132792
6.16 -0.119522 -0.122874
6.17 -0.109867 -0.112944
6.18 -0.100207 -0.103002
6.19 -0.0905449 -0.0930505
6.2 -0.0808792 -0.0830894
6.21 -0.0712102 -0.07312
6.22 -0.0615379 -0.0631433
6.23 -0.0518623 -0.0531602
6.24 -0.0421834 -0.0431719
6.25 -0.0325013 -0.0331792
6.26 -0.0228159 -0.0231832
6.27 -0.0131271 -0.0131849
6.28 -0.00343514 -0.0031853
6.29 0.00626014 0.00681464
6.3 0.0159587 0.0168139
6.31 0.0256606 0.0268115
6.32 0.0353657 0.0368064
6.33 0.0450741 0.0467976
6.34 0.0547858 0.0567841
6.35 0.0645008 0.066765
6.36 0.074219 0.0767392
6.37 0.0839406 0.0867057
6.38 0.0936654 0.0966635
6.39 0.103394 0.106612
6.4 0.113125 0.116549
6.41 0.12286 0.126475
6.42 0.132598 0.136388
6.43 0.142339 0.146288
6.44 0.152083 0.156173
6.45 0.161831 0.166042
6.46 0.171582 0.175895
6.47 0.181337 0.18573
6.48 0.191094 0.195547
6.49 0.200855 0.205344
6.5 0.21062 0.21512
6.51 0.220363 0.224875
6.52 0.230062 0.234607
6.53 0.239717 0.244316
6.54 0.249327 0.254001
6.55 0.258892 0.26366
6.56 0.268413 0.273293
6.57 0.27789 0.282898
6.58 0.287321 0.292476
6.59 0.296709 0.302024
6.6 0.306051 0.311541
6.61 0.31535 0.321028
6.62 0.324603 0.330482
6.63 0.333813 0.339904
6.64 0.342977 0.349291
6.65 0.352097 0.358644
6.66 0.361173 0.367961
6.67 0.370204 0.37724
6.68 0.37919 0.386483
6.69 0.388132 0.395686
6.7 0.39703 0.40485
6.71 0.405883 0.413973
6.72 0.414691 0.423055
6.73 0.423455 0.432095
6.74 0.432174 0.441092
6.75 0.440849 0.450044
6.76 0.449479 0.458951
6.77 0.458064 0.467813
6.78 0.466606 0.476628
6.79 0.475102 0.485395
6.8 0.483554 0.494113
6.81 0.491962 0.502782
6.82 0.500325 0.511401
6.83 0.508643 0.519969
6.84 0.516917 0.528485
6.85 0.525146 0.536948
6.86 0.533331 0.545357
6.87 0.541471 0.553711
6.88 0.549567 0.562011
6.89 0.557618 0.570254
6.9 0.565625 0.57844
6.91 0.573587 0.586568
6.92 0.581505 0.594637
6.93 0.589378 0.602648
6.94 0.597206 0.610597
6.95 0.60499 0.618486
6.96 0.61273 0.626313
6.97 0.620425 0.634077
6.98 0.628075 0.641778
6.99 0.635681 0.649415
7 0.643242 0.656987
7.01 0.65074 0.664493
7.02 0.658157 0.671932
7.03 0.665493 0.679305
7.04 0.672746 0.686609
7.05 0.679919 0.693845
7.06 0.68701 0.701011
7.07 0.69402 0.708108
7.08 0.700948 0.715133
7.09 0.707794 0.722087
7.1 0.71456 0.728969
7.11 0.721243 0.735778
7.12 0.727846 0.742513
7.13 0.734366 0.749174
7.14 0.740806 0.755761
7.15 0.747164 0.762271
7.16 0.75344 0.768705
7.17 0.759635 0.775063
7.18 0.765749 0.781343
7.19 0.771781 0.787545
7.2 0.777732 0.793668
7.21 0.783601 0.799712
7.22 0.789389 0.805675
7.23 0.795095 0.811559
7.24 0.80072 0.817361
7.25 0.806263 0.823081
7.26 0.811725 0.828719
7.27 0.817106 0.834274
7.28 0.822405 0.839746
7.29 0.827623 0.845133
7.3 0.832759 0.850437
7.31 0.837813 0.855655
7.32 0.842787 0.860787
7.33 0.847678 0.865834
7.34 0.852489 0.870794
7.35 0.857218 0.875667
7.36 0.861865 0.880452
7.37 0.866431 0.885149
7.38 0.870916 0.889758
7.39 0.875319 0.894278
7.4 0.87964 0.898708
7.41 0.88388 0.903049
7.42 0.888039 0.907299
7.43 0.892116 0.911458
7.44 0.896112 0.915526
7.45 0.900026 0.919503
7.46 0.903859 0.923388
7.47 0.907611 0.92718
7.48 0.911281 0.93088
7.49 0.914869 0.934487
7.5 0.918376 0.938
7.51 0.921794 0.941419
7.52 0.925112 0.944745
7.53 0.928333 0.947975
7.54 0.931454 0.951111
7.55 0.934478 0.954152
7.56 0.937403 0.957098
7.57 0.940229 0.959947
7.58 0.942958 0.962701
7.59 0.945587 0.965359
7.6 0.948119 0.96792
7.61 0.950551 0.970384
7.62 0.952886 0.972751
7.63 0.955122 0.975021
7.64 0.957259 0.977193
7.65 0.959299 0.979268
7.66 0.961239 0.981244
7.67 0.963082 0.983123
7.68 0.964826 0.984903
7.69 0.966471 0.986585
7.7 0.968018 0.988168
7.71 0.969467 0.989653
7.72 0.970817 0.991038
7.73 0.972069 0.992324
7.74 0.973222 0.993511
7.75 0.974277 0.994599
7.76 0.975233 0.995587
7.77 0.976091 0.996476
7.78 0.976851 0.997265
7.79 0.977512 0.997954
7.8 0.978075 0.998543
7.81 0.978539 0.999033
7.82 0.978905 0.999423
7.83 0.979173 0.999712
7.84 0.979342 0.999902
7.85 0.979412 0.999992
7.86 0.979384 0.999982
7.87 0.979258 0.999872
7.88 0.979033 0.999662
7.89 0.97871 0.999351
7.9 0.978289 0.998941
7.91 0.977769 0.998431
7.92 0.977151 0.997822
7.93 0.976434 0.997112
7.94 0.975619 0.996303
7.95 0.974705 0.995394
7.96 0.973693 0.994385
7.97 0.972582 0.993277
7.98 0.971373 0.99207
7.99 0.970066 0.990764
8 0.96866 0.989358
8.01 0.96716 0.987854
8.02 0.965568 0.986251
8.03 0.963884 0.984549
8.04 0.96211 0.982748
8.05 0.960244 0.98085
8.06 0.958287 0.978853
8.07 0.956238 0.976759
8.08 0.954099 0.974566
8.09 0.951867 0.972277
8.1 0.949545 0.96989
8.11 0.947131 0.967406
8.12 0.944626 0.964825
8.13 0.94203 0.962148
8.14 0.939343 0.959375
8.15 0.936564 0.956506
8.16 0.933694 0.953541
8.17 0.930732 0.95048
8.18 0.927679 0.947325
8.19 0.924535 0.944075
8.2 0.9213 0.940731
8.21 0.917973 0.937292
8.22 0.914555 0.93376
8.23 0.911046 0.930134
8.24 0.907445 0.926415
8.25 0.903753 0.922604
8.26 0.89997 0.918701
8.27 0.896095 0.914705
8.28 0.89213 0.910618
8.29 0.888073 0.90644
8.3 0.883924 0.902172
8.31 0.879684 0.897813
8.32 0.875353 0.893364
8.33 0.870931 0.888827
8.34 0.866417 0.8842
8.35 0.861813 0.879484
8.36 0.857116 0.874681
8.37 0.852329 0.869791
8.38 0.84745 0.864813
8.39 0.84248 0.859749
8.4 0.837418 0.854599
8.41 0.832266 0.849363
8.42 0.827022 0.844043
8.43 0.821686 0.838638
8.44 0.81626 0.833149
8.45 0.810742 0.827577
8.46 0.805132 0.821922
8.47 0.799432 0.816185
8.48 0.79364 0.810367
8.49 0.787757 0.804467
8.5 0.781782 0.798487
8.51 0.775731 0.792427
8.52 0.769618 0.786288
8.53 0.763444 0.78007
8.54 0.757207 0.773774
8.55 0.750909 0.767401
8.56 0.744549 0.760951
8.57 0.738127 0.754425
8.58 0.731643 0.747824
8.59 0.725097 0.741147
8.6 0.71849 0.734397
8.61 0.711821 0.727573
8.62 0.70509 0.720677
8.63 0.698297 0.713708
8.64 0.691442 0.706668
8.65 0.684525 0.699557
8.66 0.677547 0.692377
8.67 0.670507 0.685127
8.68 0.663405 0.677809
8.69 0.656241 0.670422
8.7 0.649015 0.662969
8.71 0.641728 0.65545
8.72 0.634378 0.647865
8.73 0.626967 0.640215
8.74 0.619494 0.632501
8.75 0.611959 0.624724
8.76 0.604363 0.616884
8.77 0.596704 0.608983
8.78 0.588984 0.601021
8.79 0.581202 0.592999
8.8 0.573358 0.584917
8.81 0.565452 0.576777
8.82 0.557485 0.568579
8.83 0.549455 0.560325
8.84 0.541364 0.552014
8.85 0.533211 0.543648
8.86 0.524996 0.535228
8.87 0.51672 0.526755
8.88 0.508381 0.518228
8.89 0.499981 0.50965
8.9 0.491519 0.501021
8.91 0.482995 0.492342
8.92 0.474409 0.483613
8.93 0.465761 0.474836
8.94 0.457052 0.466012
8.95 0.44828 0.457141
8.96 0.439447 0.448224
8.97 0.430552 0.439263
8.98 0.421596 0.430257
8.99 0.412577 0.421209
9 0.403497 0.412118
