0 1 1
0.0137508 0.999527 0.999528
0.0270595 0.998173 0.998174
0.0400614 0.996001 0.996004
0.0528367 0.993056 0.993059
0.0654329 0.989369 0.989373
0.0778793 0.984967 0.984973
0.090194 0.979875 0.979883
0.102389 0.974117 0.974127
0.114472 0.967715 0.967727
0.126451 0.960692 0.960706
0.13833 0.953068 0.953084
0.150114 0.944864 0.944882
0.161807 0.936099 0.936119
0.173415 0.926792 0.926814
0.184941 0.916959 0.916984
0.19639 0.906618 0.906646
0.207766 0.895785 0.895815
0.219073 0.884475 0.884507
0.230315 0.872701 0.872736
0.241495 0.860478 0.860516
0.252618 0.847819 0.84786
0.263686 0.834737 0.834781
0.274703 0.821244 0.82129
0.285673 0.807351 0.807401
0.296598 0.793071 0.793123
0.307481 0.778415 0.77847
0.318325 0.763392 0.76345
0.329132 0.748015 0.748076
0.339905 0.732294 0.732358
0.350646 0.716239 0.716306
0.361358 0.69986 0.69993
0.372042 0.683168 0.68324
0.3827 0.666172 0.666247
0.393334 0.648882 0.648961
0.403947 0.631308 0.63139
0.414539 0.613461 0.613545
0.425113 0.595348 0.595436
0.43567 0.576981 0.577071
0.446211 0.558369 0.558462
0.456738 0.539521 0.539617
0.467253 0.520447 0.520546
0.477756 0.501157 0.501258
0.48825 0.48166 0.481764
0.498734 0.461965 0.462072
0.509212 0.442083 0.442192
0.519683 0.422022 0.422134
0.530148 0.401793 0.401907
0.54061 0.381404 0.381521
0.551069 0.360866 0.360986
0.561527 0.340188 0.34031
0.571983 0.319379 0.319504
0.58244 0.29845 0.298577
0.592898 0.27741 0.277539
0.603359 0.256268 0.2564
0.613823 0.235034 0.235168
0.624292 0.213719 0.213855
0.634766 0.192331 0.192468
0.645246 0.17088 0.17102
0.655734 0.149376 0.149518
0.666231 0.127829 0.127973
0.676737 0.106249 0.106394
0.687253 0.0846454 0.0847923
0.697781 0.0630281 0.0631766
0.708322 0.0414071 0.041557
0.718876 0.0197921 0.0199435
0.729444 -0.0018067 -0.00165406
0.740029 -0.0233795 -0.0232257
0.75063 -0.0449163 -0.0447614
0.761249 -0.0664071 -0.0662512
0.771887 -0.0878418 -0.087685
0.782546 -0.10921 -0.109053
0.793225 -0.130503 -0.130344
0.803928 -0.151708 -0.15155
0.814654 -0.172818 -0.172658
0.825406 -0.19382 -0.19366
0.836184 -0.214705 -0.214545
0.846989 -0.235463 -0.235303
0.857825 -0.256083 -0.255923
0.868691 -0.276555 -0.276395
0.879589 -0.296868 -0.296708
0.890521 -0.317011 -0.316852
0.901488 -0.336974 -0.336816
0.912493 -0.356747 -0.356589
0.923536 -0.376318 -0.376161
0.934621 -0.395677 -0.395521
0.945748 -0.414812 -0.414657
0.956919 -0.433712 -0.433559
0.968138 -0.452367 -0.452214
0.979405 -0.470763 -0.470613
0.990723 -0.488891 -0.488742
1.0021 -0.506738 -0.506591
1.01352 -0.524291 -0.524146
1.02501 -0.54154 -0.541397
1.03656 -0.55847 -0.55833
1.04817 -0.57507 -0.574933
1.05984 -0.591326 -0.591191
1.07159 -0.607225 -0.607093
1.08341 -0.622753 -0.622624
1.09531 -0.637895 -0.637769
1.10728 -0.652637 -0.652515
1.11934 -0.666963 -0.666845
1.13148 -0.680857 -0.680743
1.14371 -0.694303 -0.694194
1.15603 -0.707284 -0.707179
1.16844 -0.719782 -0.719681
1.18095 -0.731778 -0.731682
1.19357 -0.743252 -0.743161
1.20628 -0.754185 -0.754099
1.21909 -0.764554 -0.764475
1.23201 -0.774339 -0.774266
1.24504 -0.783517 -0.78345
1.25816 -0.792065 -0.792004
1.27138 -0.79996 -0.799906
1.28469 -0.807179 -0.807131
1.29809 -0.813699 -0.813659
1.31157 -0.819499 -0.819466
1.32512 -0.824559 -0.824534
1.33872 -0.828863 -0.828846
1.35236 -0.832395 -0.832387
1.36602 -0.835146 -0.835146
1.37968 -0.83711 -0.837119
1.39334 -0.838286 -0.838304
1.40696 -0.838678 -0.838706
1.42053 -0.838295 -0.838332
1.43404 -0.837149 -0.837195
1.44746 -0.835259 -0.835314
1.4608 -0.832643 -0.832708
1.47403 -0.829324 -0.829399
1.48716 -0.825327 -0.825412
1.50018 -0.820676 -0.82077
1.51308 -0.815396 -0.8155
1.52586 -0.809511 -0.809624
1.53853 -0.803046 -0.803168
1.55109 -0.796022 -0.796154
1.56354 -0.788463 -0.788604
1.57589 -0.780388 -0.780538
1.58813 -0.771817 -0.771976
1.60028 -0.762768 -0.762937
1.61234 -0.753259 -0.753436
1.62431 -0.743305 -0.743492
1.63619 -0.732923 -0.733119
1.648 -0.722127 -0.722331
1.65974 -0.710931 -0.711143
1.67141 -0.699348 -0.699568
1.68302 -0.68739 -0.687619
1.69456 -0.67507 -0.675307
1.70605 -0.662399 -0.662644
1.71748 -0.64939 -0.649642
1.72887 -0.636052 -0.636312
1.74021 -0.622396 -0.622663
1.75151 -0.608433 -0.608708
1.76276 -0.594173 -0.594455
1.77398 -0.579626 -0.579915
1.78517 -0.564803 -0.565098
1.79632 -0.549711 -0.550013
1.80744 -0.534362 -0.53467
1.81854 -0.518764 -0.519079
1.82961 -0.502927 -0.503248
1.84066 -0.48686 -0.487187
1.85168 -0.470572 -0.470905
1.86269 -0.454073 -0.454411
1.87368 -0.437372 -0.437715
1.88465 -0.420477 -0.420825
1.89561 -0.403398 -0.403751
1.90656 -0.386143 -0.386501
1.91749 -0.368722 -0.369085
1.92842 -0.351143 -0.35151
1.93933 -0.333416 -0.333788
1.95025 -0.31555 -0.315925
1.96115 -0.297553 -0.297932
1.97205 -0.279434 -0.279816
1.98296 -0.261202 -0.261588
1.99386 -0.242867 -0.243256
2.00476 -0.224437 -0.224828
2.01566 -0.205921 -0.206315
2.02656 -0.187327 -0.187724
2.03747 -0.168666 -0.169065
2.04839 -0.149946 -0.150347
2.05931 -0.131176 -0.131579
2.07024 -0.112366 -0.112769
2.08118 -0.0935229 -0.0939275
2.09213 -0.0746573 -0.0750629
2.10309 -0.055778 -0.0561844
2.11406 -0.0368942 -0.037301
2.12505 -0.0180148 -0.0184218
2.13606 0.000850797 0.000443842
2.14708 0.0196935 0.0192869
2.15812 0.0385042 0.0380981
2.16918 0.0572734 0.0568681
2.18026 0.075992 0.0755878
2.19137 0.0946506 0.0942477
2.2025 0.11324 0.112839
2.21366 0.13175 0.131351
2.22484 0.150173 0.149775
2.23605 0.168497 0.168102
2.2473 0.186714 0.186322
2.25857 0.204815 0.204426
2.26988 0.222788 0.222402
2.28123 0.240626 0.240243
2.29262 0.258317 0.257938
2.30404 0.275852 0.275477
2.31551 0.29322 0.29285
2.32702 0.310413 0.310047
2.33858 0.327418 0.327058
2.35019 0.344227 0.343872
2.36185 0.360828 0.360479
2.37356 0.377211 0.376868
2.38533 0.393365 0.393028
2.39716 0.409279 0.408948
2.40906 0.424941 0.424617
2.42102 0.440341 0.440024
2.43304 0.455465 0.455156
2.44514 0.470303 0.470001
2.45732 0.484841 0.484547
2.46957 0.499066 0.498781
2.48191 0.512967 0.51269
2.49434 0.526527 0.52626
2.50685 0.539735 0.539477
2.51946 0.552574 0.552325
2.53217 0.565029 0.564791
2.54499 0.577084 0.576856
2.55791 0.588722 0.588505
2.57094 0.599926 0.59972
2.58409 0.610676 0.610482
2.59736 0.620953 0.620771
2.61075 0.630737 0.630568
2.62426 0.640006 0.63985
2.6379 0.648739 0.648595
2.65167 0.65691 0.65678
2.66556 0.664498 0.664382
2.67957 0.671477 0.671375
2.6937 0.677822 0.677735
2.70794 0.683511 0.683439
2.72227 0.68852 0.688463
2.73669 0.692827 0.692786
2.75118 0.696415 0.69639
2.76572 0.699269 0.69926
2.78029 0.701377 0.701385
2.79487 0.702735 0.70276
2.80943 0.703343 0.703385
2.82394 0.703206 0.703265
2.8384 0.702334 0.702411
2.85277 0.700745 0.700838
2.86704 0.698456 0.698567
2.8812 0.695493 0.69562
2.89524 0.691878 0.692022
2.90915 0.687638 0.687799
2.92292 0.6828 0.682978
2.93655 0.677389 0.677584
2.95005 0.671432 0.671643
2.96341 0.664953 0.665179
2.97664 0.657974 0.658216
2.98974 0.650518 0.650775
3.00273 0.642605 0.642878
3.01559 0.634255 0.634542
3.02835 0.625485 0.625786
3.041 0.616312 0.616627
3.05356 0.606752 0.607081
3.06602 0.596819 0.597162
3.07839 0.586529 0.586884
3.09069 0.575893 0.576262
3.10291 0.564925 0.565306
3.11505 0.553637 0.55403
3.12713 0.54204 0.542445
3.13915 0.530145 0.530562
3.15111 0.517964 0.518392
3.16302 0.505506 0.505946
3.17487 0.492783 0.493233
3.18668 0.479803 0.480263
3.19845 0.466576 0.467047
3.21017 0.453113 0.453593
3.22186 0.439421 0.43991
3.23351 0.425511 0.426009
3.24514 0.411392 0.411899
3.25673 0.397072 0.397587
3.2683 0.38256 0.383083
3.27984 0.367865 0.368396
3.29136 0.352996 0.353534
3.30287 0.337962 0.338506
3.31435 0.32277 0.323321
3.32582 0.30743 0.307987
3.33728 0.29195 0.292512
3.34872 0.276338 0.276906
3.36016 0.260603 0.261177
3.37158 0.244754 0.245332
3.38301 0.228799 0.229381
3.39442 0.212746 0.213332
3.40584 0.196603 0.197193
3.41725 0.18038 0.180973
3.42867 0.164084 0.16468
3.44009 0.147724 0.148322
3.45151 0.131309 0.131909
3.46294 0.114846 0.115448
3.47438 0.0983444 0.0989472
3.48582 0.0818125 0.0824162
3.49728 0.0652587 0.0658628
3.50874 0.0486916 0.0492957
3.52023 0.0321195 0.0327233
3.53173 0.0155512 0.0161542
3.54324 -0.00100492 -0.000403093
3.55478 -0.0175402 -0.0169399
3.56633 -0.034046 -0.0334477
3.57791 -0.0505137 -0.0499178
3.58951 -0.0669346 -0.0663415
3.60114 -0.0832999 -0.08271
3.6128 -0.0996008 -0.0990146
3.62449 -0.115829 -0.115246
3.63621 -0.131974 -0.131397
3.64796 -0.148029 -0.147456
3.65975 -0.163983 -0.163416
3.67158 -0.179829 -0.179267
3.68345 -0.195556 -0.195
3.69537 -0.211155 -0.210606
3.70733 -0.226617 -0.226075
3.71934 -0.241933 -0.241398
3.7314 -0.257092 -0.256566
3.74351 -0.272086 -0.271568
3.75568 -0.286904 -0.286394
3.76791 -0.301536 -0.301036
3.78021 -0.315972 -0.315481
3.79257 -0.330201 -0.32972
3.805 -0.344212 -0.343743
3.81751 -0.357996 -0.357537
3.83009 -0.37154 -0.371093
3.84276 -0.384832 -0.384397
3.85551 -0.397862 -0.397439
3.86836 -0.410616 -0.410206
3.8813 -0.423082 -0.422685
3.89434 -0.435246 -0.434863
3.90748 -0.447094 -0.446726
3.92074 -0.458612 -0.458259
3.93412 -0.469785 -0.469448
3.94761 -0.480597 -0.480275
3.96123 -0.491031 -0.490725
3.97499 -0.501068 -0.50078
3.98888 -0.510691 -0.51042
4.00292 -0.519879 -0.519626
4.0171 -0.528612 -0.528377
4.03143 -0.536866 -0.536651
4.04592 -0.544619 -0.544424
4.06056 -0.551847 -0.551672
4.07536 -0.558524 -0.558369
4.09031 -0.564624 -0.56449
4.1054 -0.57012 -0.570009
4.12062 -0.574989 -0.574899
4.13597 -0.579203 -0.579136
4.15142 -0.582743 -0.582699
4.16695 -0.585587 -0.585567
4.18254 -0.587722 -0.587725
4.19816 -0.589137 -0.589164
4.21378 -0.589829 -0.589881
4.22937 -0.589801 -0.589877
4.2449 -0.589062 -0.589162
4.26035 -0.587626 -0.58775
4.27569 -0.585513 -0.585661
4.29089 -0.582747 -0.582919
4.30595 -0.579355 -0.579551
4.32086 -0.575365 -0.575584
4.33561 -0.570804 -0.571046
4.35019 -0.565702 -0.565966
4.3646 -0.560085 -0.560371
4.37886 -0.55398 -0.554287
4.39295 -0.547411 -0.547739
4.4069 -0.540401 -0.54075
4.4207 -0.532972 -0.533341
4.43436 -0.525144 -0.525533
4.44789 -0.516935 -0.517343
4.46129 -0.508362 -0.508789
4.47458 -0.499442 -0.499887
4.48776 -0.490189 -0.490651
4.50084 -0.480618 -0.481097
4.51382 -0.470741 -0.471237
4.52672 -0.460571 -0.461083
4.53953 -0.45012 -0.450648
4.55226 -0.4394 -0.439942
4.56493 -0.428421 -0.428978
4.57752 -0.417194 -0.417765
4.59006 -0.405729 -0.406314
4.60254 -0.394036 -0.394634
4.61496 -0.382125 -0.382735
4.62734 -0.370004 -0.370626
4.63967 -0.357683 -0.358317
4.65195 -0.345172 -0.345816
4.66421 -0.332478 -0.333133
4.67642 -0.31961 -0.320276
4.68861 -0.306578 -0.307253
4.70076 -0.293389 -0.294073
4.71289 -0.280053 -0.280745
4.725 -0.266576 -0.267276
4.73709 -0.252968 -0.253675
4.74916 -0.239236 -0.239951
4.76121 -0.22539 -0.226111
4.77325 -0.211436 -0.212163
4.78529 -0.197383 -0.198115
4.79731 -0.18324 -0.183976
4.80933 -0.169013 -0.169754
4.82134 -0.154712 -0.155456
4.83335 -0.140343 -0.141091
4.84537 -0.125916 -0.126666
4.85738 -0.111438 -0.11219
4.8694 -0.0969165 -0.0976707
4.88143 -0.0823604 -0.0831156
4.89347 -0.0677774 -0.068533
4.90552 -0.0531755 -0.0539311
4.91758 -0.0385627 -0.0393177
4.92966 -0.0239472 -0.024701
4.94176 -0.00933693 -0.010089
4.95387 0.00525989 0.00451006
4.96601 0.0198351 0.0190881
4.97817 0.0343806 0.033637
4.99036 0.0488881 0.0481485
5.00258 0.0633494 0.0626142
5.01482 0.077756 0.077026
5.02711 0.0920997 0.0913753
5.03942 0.106372 0.105654
5.05178 0.120564 0.119853
5.06418 0.134668 0.133964
5.07663 0.148675 0.147979
5.08912 0.162576 0.161888
5.10166 0.176361 0.175683
5.11425 0.190023 0.189354
5.12691 0.203552 0.202894
5.13962 0.216939 0.216291
5.1524 0.230174 0.229537
5.16524 0.243247 0.242623
5.17816 0.256149 0.255538
5.19115 0.26887 0.268272
5.20422 0.2814 0.280815
5.21738 0.293727 0.293157
5.23063 0.305841 0.305286
5.24397 0.31773 0.317191
5.25742 0.329384 0.328861
5.27097 0.340789 0.340283
5.28463 0.351933 0.351444
5.29841 0.362803 0.362333
5.31232 0.373385 0.372933
5.32635 0.383664 0.383232
5.34053 0.393625 0.393214
5.35485 0.403252 0.402861
5.36933 0.412527 0.412158
5.38396 0.421432 0.421086
5.39876 0.429948 0.429624
5.41374 0.438053 0.437753
5.4289 0.445725 0.445449
5.44424 0.452941 0.45269
5.45977 0.459675 0.45945
5.47549 0.465901 0.465703
5.4914 0.471592 0.471421
5.50749 0.47672 0.476576
5.52375 0.481255 0.48114
5.54018 0.485172 0.485087
5.55674 0.488445 0.488389
5.57343 0.49105 0.491024
5.59019 0.492971 0.492975
5.60701 0.494194 0.494229
5.62384 0.494715 0.494781
5.64064 0.494535 0.494632
5.65738 0.493664 0.493792
5.67402 0.492117 0.492276
5.69052 0.489918 0.490107
5.70687 0.487091 0.487311
5.72304 0.483667 0.483916
5.73902 0.479676 0.479954
5.75481 0.47515 0.475456
5.7704 0.470118 0.470452
5.78579 0.46461 0.464971
5.80098 0.458653 0.459041
5.81599 0.452273 0.452687
5.83081 0.445494 0.445933
5.84547 0.438338 0.4388
5.85996 0.430824 0.43131
5.87431 0.422971 0.42348
5.8885 0.414796 0.415327
5.90257 0.406315 0.406868
5.91651 0.397542 0.398116
5.93033 0.388492 0.389086
5.94405 0.379177 0.37979
5.95767 0.369609 0.37024
5.97119 0.3598 0.360449
5.98463 0.349761 0.350427
5.99799 0.339501 0.340184
6.01127 0.329033 0.329731
6.02449 0.318364 0.319077
6.03764 0.307505 0.308232
6.05074 0.296464 0.297206
6.06379 0.285251 0.286006
6.07678 0.273875 0.274642
6.08974 0.262344 0.263123
6.10265 0.250667 0.251456
6.11553 0.238851 0.239651
6.12838 0.226905 0.227715
6.14119 0.214838 0.215656
6.15399 0.202657 0.203483
6.16676 0.190369 0.191204
6.17951 0.177984 0.178825
6.19225 0.165509 0.166356
6.20498 0.152952 0.153804
6.21769 0.14032 0.141177
6.2304 0.127621 0.128482
6.24311 0.114863 0.115728
6.25581 0.102054 0.102921
6.26852 0.0892008 0.0900704
6.28124 0.0763119 0.0771827
6.29396 0.0633946 0.064266
6.30669 0.0504568 0.051328
6.31943 0.037506 0.0383765
6.33219 0.0245501 0.025419
6.34497 0.0115968 0.0124635
6.35776 -0.00134608 -0.00048236
6.37059 -0.0142708 -0.0134107
6.38344 -0.0271695 -0.0263138
6.39632 -0.0400342 -0.0391836
6.40923 -0.052857 -0.0520122
6.42218 -0.0656298 -0.0647916
6.43517 -0.0783447 -0.0775138
6.4482 -0.0909934 -0.0901705
6.46128 -0.103568 -0.102753
6.4744 -0.116059 -0.115255
6.48758 -0.12846 -0.127665
6.50082 -0.14076 -0.139977
6.51411 -0.152953 -0.152181
6.52747 -0.165028 -0.164268
6.5409 -0.176976 -0.17623
6.55441 -0.18879 -0.188057
6.56799 -0.200458 -0.19974
6.58166 -0.211972 -0.21127
6.59541 -0.223322 -0.222635
6.60926 -0.234497 -0.233827
6.62321 -0.245487 -0.244835
6.63727 -0.256281 -0.255647
6.65144 -0.266867 -0.266253
6.66573 -0.277235 -0.276641
6.68015 -0.287371 -0.286798
6.6947 -0.297263 -0.296712
6.7094 -0.306897 -0.306369
6.72425 -0.316259 -0.315754
6.73926 -0.325333 -0.324852
6.75444 -0.334104 -0.333648
6.7698 -0.342553 -0.342123
6.78535 -0.350663 -0.350259
6.8011 -0.358412 -0.358037
6.81705 -0.365781 -0.365434
6.83323 -0.372746 -0.372428
6.84962 -0.379281 -0.378994
6.86625 -0.385361 -0.385105
6.88311 -0.390957 -0.390734
6.90021 -0.39604 -0.39585
6.91753 -0.40058 -0.400424
6.93506 -0.404546 -0.404424
6.9528 -0.407907 -0.407821
6.97071 -0.410636 -0.410586
6.98876 -0.412709 -0.412696
7.00691 -0.414107 -0.414131
7.02512 -0.414819 -0.414881
7.04332 -0.414842 -0.414941
7.06148 -0.414182 -0.414318
7.07954 -0.412851 -0.413025
7.09746 -0.410873 -0.411084
7.1152 -0.408274 -0.408521
7.13274 -0.405087 -0.405369
7.15005 -0.401344 -0.401662
7.16713 -0.39708 -0.397432
7.18396 -0.392329 -0.392714
7.20055 -0.387122 -0.38754
7.2169 -0.381491 -0.381939
7.23303 -0.375462 -0.37594
7.24894 -0.36906 -0.369568
7.26464 -0.36231 -0.362846
7.28015 -0.355232 -0.355795
7.29547 -0.347844 -0.348434
7.31063 -0.340166 -0.340781
7.32562 -0.332212 -0.332851
7.34047 -0.323997 -0.324661
7.35519 -0.315536 -0.316222
7.36978 -0.306841 -0.307549
7.38425 -0.297924 -0.298652
7.39862 -0.288797 -0.289545
7.41288 -0.27947 -0.280237
7.42706 -0.269954 -0.270738
7.44116 -0.260258 -0.261059
7.45518 -0.250392 -0.25121
7.46913 -0.240365 -0.241198
7.48301 -0.230187 -0.231034
7.49684 -0.219865 -0.220726
7.51062 -0.209409 -0.210283
7.52435 -0.198826 -0.199712
7.53804 -0.188126 -0.189022
7.55169 -0.177315 -0.178222
7.56531 -0.166402 -0.167318
7.5789 -0.155395 -0.156319
7.59247 -0.144302 -0.145233
7.60602 -0.13313 -0.134068
7.61955 -0.121886 -0.12283
7.63307 -0.11058 -0.111528
7.64659 -0.0992167 -0.100169
7.66009 -0.0878055 -0.0887612
7.6736 -0.0763534 -0.0773113
7.68711 -0.0648679 -0.0658272
7.70063 -0.0533565 -0.0543162
7.71416 -0.0418266 -0.042786
7.7277 -0.0302859 -0.031244
7.74126 -0.0187419 -0.0196977
7.75484 -0.00720199 -0.00815484
7.76844 0.0043261 0.00337717
7.78207 0.0158348 0.0148907
7.79573 0.0273164 0.026378
7.80943 0.0387632 0.0378313
7.82317 0.0501674 0.049243
7.83696 0.0615211 0.0606051
7.85079 0.0728165 0.0719097
7.86467 0.0840453 0.0831487
7.87861 0.0951996 0.0943141
7.89261 0.106271 0.105397
7.90668 0.117251 0.11639
7.92082 0.128131 0.127284
7.93503 0.138903 0.138071
7.94933 0.149557 0.148741
7.96372 0.160084 0.159284
7.9782 0.170476 0.169693
7.99278 0.180721 0.179957
8.00747 0.190811 0.190066
8.02227 0.200734 0.20001
8.0372 0.210481 0.209777
8.05226 0.220039 0.219358
8.06746 0.229397 0.228739
8.08281 0.238542 0.237909
8.09832 0.247463 0.246855
8.114 0.256143 0.255562
8.12986 0.26457 0.264016
8.14591 0.272727 0.272201
8.16217 0.280597 0.2801
8.17864 0.288162 0.287696
8.19535 0.295403 0.294968
8.2123 0.302297 0.301895
8.2295 0.308822 0.308454
8.24697 0.314953 0.31462
8.26472 0.320663 0.320366
8.28275 0.325921 0.325662
8.30106 0.330698 0.330477
8.31967 0.33496 0.334779
8.33855 0.338674 0.338533
8.35768 0.341805 0.341706
8.37705 0.344323 0.344266
8.39661 0.346199 0.346186
8.4163 0.347412 0.347442
8.43607 0.347947 0.348021
8.45586 0.3478 0.347919
8.47559 0.346978 0.34714
8.49521 0.345496 0.345702
8.51465 0.34338 0.34363
8.53386 0.340663 0.340954
8.55282 0.337379 0.337712
8.5715 0.333567 0.33394
8.58989 0.329265 0.329677
8.60798 0.324509 0.324958
8.62578 0.319333 0.319819
8.64329 0.31377 0.314291
8.66054 0.307847 0.308402
8.67753 0.30159 0.302178
8.69427 0.295022 0.295642
8.7108 0.288165 0.288815
8.72711 0.281037 0.281715
8.74323 0.273655 0.274361
8.75918 0.266034 0.266767
8.77496 0.258189 0.258947
8.79058 0.250134 0.250915
8.80608 0.241879 0.242683
8.82144 0.233437 0.234263
8.83669 0.224818 0.225665
8.85183 0.216034 0.216899
8.86688 0.207093 0.207977
8.88184 0.198006 0.198906
8.89672 0.18878 0.189697
8.91153 0.179426 0.180358
8.92628 0.169952 0.170897
8.94096 0.160365 0.161324
8.9556 0.150675 0.151645
8.97019 0.14089 0.14187
8.98475 0.131016 0.132006
8.99927 0.121062 0.122061
9.01376 0.111037 0.112042
9.02823 0.100946 0.101958
9.04269 0.0907983 0.0918156
9.05713 0.080601 0.0816224
9.07157 0.0703616 0.071386
9.086 0.0600874 0.0611139
9.10043 0.049786 0.0508134
9.11488 0.0394647 0.0404919
9.12933 0.0291309 0.0301569
9.1438 0.0187921 0.0198159
9.1583 0.00845579 0.00947618
9.17282 -0.00187064 -0.000854675
9.18737 -0.0121796 -0.0111692
9.20195 -0.0224636 -0.0214597
9.21658 -0.0327149 -0.0317187
9.23126 -0.0429258 -0.0419383
9.24598 -0.0530885 -0.0521109
9.26076 -0.0631951 -0.0622284
9.27561 -0.0732376 -0.0722829
9.29052 -0.0832079 -0.0822663
9.30551 -0.0930975 -0.0921702
9.32058 -0.102898 -0.101986
9.33573 -0.112601 -0.111705
9.35098 -0.122197 -0.121319
9.36634 -0.131678 -0.130818
9.3818 -0.141033 -0.140193
9.39738 -0.150253 -0.149434
9.4131 -0.159328 -0.158532
9.42894 -0.168247 -0.167474
9.44494 -0.177 -0.176251
9.46109 -0.185574 -0.184851
9.47741 -0.193958 -0.193262
9.49392 -0.202138 -0.20147
9.51062 -0.210101 -0.209462
9.52753 -0.217832 -0.217224
9.54466 -0.225314 -0.224738
9.56203 -0.232532 -0.231989
9.57966 -0.239465 -0.238957
9.59756 -0.246095 -0.245623
9.61575 -0.252399 -0.251964
9.63425 -0.258352 -0.257955
9.65307 -0.263928 -0.263572
9.67223 -0.269098 -0.268783
9.69173 -0.27383 -0.273558
9.71159 -0.27809 -0.277862
9.7318 -0.281842 -0.28166
9.75235 -0.285049 -0.284914
9.77322 -0.287673 -0.287587
9.79437 -0.289681 -0.289644
9.81573 -0.291043 -0.291056
9.83725 -0.291737 -0.291801
9.85883 -0.291753 -0.291867
9.8804 -0.291091 -0.291256
9.90185 -0.289765 -0.289981
9.92312 -0.287802 -0.288068
9.94413 -0.285235 -0.285549
9.96484 -0.282103 -0.282465
9.98521 -0.278449 -0.278857
10.0052 -0.274316 -0.274769
10.0249 -0.269745 -0.27024
10.0442 -0.264773 -0.26531
10.0631 -0.259435 -0.260011
10.0817 -0.253761 -0.254375
10.1 -0.247778 -0.248429
10.1181 -0.241512 -0.242197
10.1358 -0.234983 -0.235701
10.1533 -0.228211 -0.22896
10.1706 -0.221212 -0.221991
10.1877 -0.214002 -0.214809
10.2046 -0.206596 -0.20743
10.2213 -0.199006 -0.199865
10.2379 -0.191244 -0.192127
10.2543 -0.183322 -0.184228
10.2706 -0.17525 -0.176177
10.2867 -0.167039 -0.167985
10.3028 -0.158698 -0.159662
10.3188 -0.150235 -0.151216
10.3347 -0.141661 -0.142658
10.3505 -0.132983 -0.133994
10.3663 -0.124211 -0.125234
10.3819 -0.115351 -0.116386
10.3976 -0.106413 -0.107458
10.4132 -0.0974039 -0.098458
10.4288 -0.0883315 -0.0893932
10.4443 -0.0792037 -0.0802716
10.4598 -0.0700279 -0.0711008
10.4753 -0.0608117 -0.0618883
10.4908 -0.0515626 -0.0526416
10.5063 -0.0422881 -0.0433681
10.5218 -0.0329955 -0.0340753
10.5374 -0.0236924 -0.0247706
10.5529 -0.0143861 -0.0154615
10.5685 -0.0050842 -0.00615552
10.584 0.00420585 0.00313995
10.5997 0.0134765 0.0124173
10.6153 0.0227201 0.0216689
10.6311 0.0319289 0.030887
10.6468 0.0410951 0.0400639
10.6627 0.0502109 0.0491917
10.6786 0.0592682 0.0582622
10.6946 0.0682587 0.0672673
10.7107 0.0771741 0.0761987
10.7268 0.0860058 0.0850476
10.7431 0.094745 0.0938055
10.7595 0.103383 0.102463
10.776 0.111909 0.111011
10.7927 0.120315 0.11944
10.8095 0.12859 0.127739
10.8264 0.136724 0.135898
10.8435 0.144705 0.143906
10.8608 0.152521 0.151751
10.8783 0.160161 0.15942
10.896 0.16761 0.166901
10.914 0.174856 0.174179
10.9322 0.181881 0.181239
10.9506 0.18867 0.188064
10.9694 0.195205 0.194636
10.9884 0.201465 0.200936
11.0078 0.207429 0.206941
11.0276 0.213073 0.212627
11.0477 0.21837 0.217968
11.0682 0.22329 0.222934
11.0892 0.2278 0.227493
11.1105 0.231866 0.231608
11.1323 0.235447 0.235241
11.1546 0.238504 0.23835
11.1772 0.240994 0.240895
11.2002 0.242879 0.242836
11.2235 0.244123 0.244137
11.2471 0.244701 0.244772
11.2707 0.244597 0.244727
11.2943 0.243815 0.244003
11.3178 0.242369 0.242614
11.341 0.240289 0.240591
11.3639 0.237616 0.237973
11.3865 0.234396 0.234806
11.4086 0.230676 0.231138
11.4302 0.226505 0.227016
11.4515 0.221926 0.222484
11.4723 0.21698 0.217584
11.4926 0.211703 0.212349
11.5126 0.206125 0.206812
11.5323 0.200274 0.201
11.5516 0.194174 0.194937
11.5706 0.187846 0.188643
11.5893 0.181308 0.182138
11.6078 0.174577 0.175438
11.626 0.167667 0.168556
11.6441 0.160591 0.161508
11.6619 0.153363 0.154305
11.6796 0.145994 0.146959
11.6972 0.138493 0.139481
11.7146 0.130872 0.13188
11.7319 0.12314 0.124166
11.7491 0.115307 0.11635
11.7661 0.10738 0.108438
11.7832 0.0993691 0.100441
11.8001 0.0912821 0.0923655
11.817 0.0831274 0.084221
11.8338 0.0749127 0.0760151
11.8506 0.0666462 0.0677556
11.8674 0.0583354 0.0594503
11.8841 0.049988 0.0511069
11.9008 0.0416118 0.0427331
11.9176 0.0332143 0.0343363
11.9343 0.024803 0.0259243
11.951 0.0163856 0.0175045
11.9678 0.00796949 0.0090845
11.9846 -0.000437553 0.000671977
12.0014 -0.00882791 -0.00772543
12.0183 -0.0171938 -0.0161
12.0352 -0.0255275 -0.0244438
12.0523 -0.033821 -0.0327491
12.0693 -0.0420662 -0.0410077
12.0865 -0.050255 -0.0492114
12.1037 -0.0583788 -0.0573517
12.1211 -0.066429 -0.0654201
12.1386 -0.0743968 -0.0734077
12.1562 -0.0822731 -0.0813053
12.1739 -0.0900481 -0.0891035
12.1918 -0.0977121 -0.0967922
12.2099 -0.105255 -0.104361
12.2281 -0.112665 -0.1118
12.2466 -0.119932 -0.119096
12.2652 -0.127042 -0.126238
12.2841 -0.133984 -0.133213
12.3033 -0.140742 -0.140006
12.3227 -0.147302 -0.146604
12.3424 -0.153648 -0.152988
12.3625 -0.15976 -0.159142
12.3829 -0.165621 -0.165045
12.4037 -0.171206 -0.170675
12.4249 -0.176492 -0.176008
12.4466 -0.181452 -0.181016
12.4687 -0.186053 -0.185669
12.4914 -0.190263 -0.189932
12.5145 -0.194042 -0.193767
12.5382 -0.197349 -0.197132
12.5625 -0.200139 -0.199981
12.5872 -0.202365 -0.202269
12.6124 -0.203983 -0.20395
12.638 -0.204953 -0.204985
12.6638 -0.205248 -0.205346
12.6897 -0.204855 -0.205019
12.7156 -0.20378 -0.204009
12.7413 -0.202046 -0.20234
12.7667 -0.199692 -0.200049
12.7916 -0.196769 -0.197186
12.8161 -0.193329 -0.193806
12.84 -0.189429 -0.189961
12.8633 -0.185118 -0.185704
12.8861 -0.180444 -0.181081
12.9085 -0.175446 -0.176131
12.9303 -0.170161 -0.170891
12.9517 -0.164618 -0.165391
12.9727 -0.158843 -0.159656
12.9933 -0.152859 -0.153709
13.0136 -0.146683 -0.147569
13.0336 -0.140335 -0.141253
13.0533 -0.133828 -0.134777
13.0728 -0.127176 -0.128153
13.092 -0.120392 -0.121395
13.1111 -0.113487 -0.114513
13.13 -0.106471 -0.107519
13.1488 -0.0993549 -0.100423
13.1675 -0.0921482 -0.0932341
13.186 -0.0848598 -0.0859614
13.2044 -0.0774987 -0.078614
13.2228 -0.0700734 -0.0712003
13.241 -0.0625921 -0.0637288
13.2593 -0.0550631 -0.0562076
13.2774 -0.0474944 -0.0486448
13.2956 -0.0398939 -0.0410483
13.3137 -0.0322696 -0.033426
13.3319 -0.0246291 -0.0257857
13.35 -0.0169803 -0.0181352
13.3682 -0.00933106 -0.0104823
13.3863 -0.00168914 -0.0028349
13.4046 0.00593755 0.00479921
13.4228 0.013541 0.012412
13.4412 0.0211133 0.0199955
13.4596 0.0286461 0.0275414
13.4781 0.036131 0.0350414
13.4967 0.0435596 0.0424869
13.5154 0.050923 0.0498692
13.5343 0.0582122 0.0571792
13.5532 0.0654177 0.0644076
13.5724 0.0725298 0.0715446
13.5917 0.0795384 0.0785799
13.6112 0.0864327 0.085503
13.631 0.0932013 0.0923025
13.6509 0.0998322 0.0989664
13.6711 0.106313 0.105482
13.6917 0.112629 0.111835
13.7125 0.118765 0.118011
13.7336 0.124706 0.123994
13.7551 0.130433 0.129764
13.7771 0.135926 0.135304
13.7994 0.141162 0.140589
13.8223 0.146118 0.145596
13.8457 0.150763 0.150295
13.8696 0.155067 0.154655
13.8942 0.158992 0.15864
13.9193 0.162498 0.162207
13.9452 0.165538 0.165312
13.9717 0.168063 0.167905
13.9988 0.170022 0.169933
14.0265 0.171363 0.171346
14.0547 0.172045 0.172101
14.0831 0.172038 0.172168
14.1117 0.171332 0.171536
14.1402 0.16994 0.170219
14.1683 0.167899 0.168249
14.196 0.165258 0.165678
14.2231 0.162078 0.162565
14.2495 0.158421 0.158973
14.2753 0.154348 0.15496
14.3005 0.149911 0.15058
14.325 0.145158 0.145881
14.3489 0.140129 0.140901
14.3722 0.134856 0.135675
14.3951 0.129368 0.130231
14.4175 0.123688 0.124591
14.4396 0.117837 0.118778
14.4613 0.111832 0.112807
14.4827 0.105689 0.106695
14.5038 0.0994197 0.100455
14.5246 0.0930383 0.0940995
14.5453 0.0865556 0.0876404
14.5657 0.0799822 0.0810882
14.586 0.0733283 0.0744528
14.6062 0.0666031 0.0677437
14.6262 0.059816 0.0609703
14.6462 0.0529757 0.0541413
14.6661 0.0460909 0.0472653
14.6859 0.0391699 0.0403509
14.7057 0.0322211 0.0334063
14.7254 0.0252526 0.0264397
14.7452 0.0182727 0.0194593
14.7649 0.0112894 0.0124732
14.7847 0.00431089 0.00548968
14.8045 -0.0026546 -0.00148316
14.8243 -0.00959879 -0.00843701
14.8443 -0.0165133 -0.0153635
14.8643 -0.0233895 -0.022254
14.8844 -0.0302188 -0.0290999
14.9046 -0.0369921 -0.0358921
14.925 -0.0437001 -0.0426214
14.9455 -0.0503333 -0.0492782
14.9662 -0.0568816 -0.0558525
14.9871 -0.0633345 -0.0623339
15.0082 -0.0696809 -0.0687112
15.0296 -0.0759092 -0.0749729
15.0512 -0.0820067 -0.0811063
15.0732 -0.08796 -0.087098
15.0954 -0.0937543 -0.0929335
15.1181 -0.0993738 -0.0985967
15.1411 -0.104801 -0.10407
15.1646 -0.110015 -0.109334
15.1886 -0.114996 -0.114367
15.2131 -0.119717 -0.119143
15.2382 -0.124151 -0.123636
15.264 -0.128265 -0.127811
15.2905 -0.132021 -0.131632
15.3178 -0.135377 -0.135056
15.3458 -0.138285 -0.138035
15.3747 -0.140689 -0.140514
15.4043 -0.142533 -0.142436
15.4347 -0.143759 -0.143743
15.4657 -0.144318 -0.144384
15.4971 -0.144175 -0.144325
15.5286 -0.14332 -0.143554
15.56 -0.141772 -0.142089
15.5909 -0.139573 -0.13997
15.6213 -0.136786 -0.137261
15.6509 -0.133482 -0.134031
15.6797 -0.129731 -0.130349
15.7077 -0.125598 -0.126282
15.7349 -0.12114 -0.121884
15.7613 -0.116404 -0.117205
15.7871 -0.11143 -0.112283
15.8123 -0.10625 -0.10715
15.8369 -0.100889 -0.101834
15.861 -0.0953706 -0.0963557
15.8847 -0.0897129 -0.0907347
15.908 -0.083932 -0.084987
15.931 -0.078042 -0.0791269
15.9537 -0.0720556 -0.0731671
15.9762 -0.0659844 -0.0671194
15.9984 -0.0598391 -0.0609944
16.0205 -0.0536299 -0.0548025
16.0424 -0.0473664 -0.0485534
16.0642 -0.0410579 -0.0422562
16.086 -0.0347135 -0.0359202
16.1076 -0.0283418 -0.0295541
16.1292 -0.0219516 -0.0231666
16.1508 -0.0155516 -0.0167664
16.1724 -0.00915027 -0.0103621
16.194 -0.00275627 -0.00396236
16.2157 0.00362175 0.00242425
16.2374 0.00997501 0.00878891
16.2592 0.0162946 0.0151227
16.2811 0.0225713 0.0214164
16.3031 0.0287957 0.0276608
16.3253 0.0349582 0.033846
16.3476 0.0410485 0.0399619
16.3702 0.0470561 0.0459981
16.393 0.0529698 0.0519432
16.416 0.0587778 0.0577856
16.4394 0.0644672 0.0635126
16.4631 0.0700245 0.0691104
16.4871 0.0754347 0.0745644
16.5116 0.0806815 0.0798581
16.5365 0.0857467 0.0849736
16.562 0.09061 0.0898906
16.588 0.0952485 0.0945863
16.6146 0.099636 0.0990346
16.642 0.103742 0.103206
16.6702 0.107532 0.107064
16.6992 0.110965 0.11057
16.7291 0.113994 0.113675
16.76 0.116564 0.116325
16.7919 0.118613 0.11846
16.8249 0.120078 0.120013
16.8586 0.120894 0.120921
16.8931 0.121012 0.121132
16.9278 0.120403 0.120619
16.9626 0.119074 0.119383
16.997 0.117063 0.117464
17.0308 0.114436 0.114925
17.0637 0.111273 0.111846
17.0956 0.107655 0.108307
17.1265 0.103658 0.104382
17.1564 0.099346 0.100137
17.1854 0.0947714 0.0956238
17.2136 0.089977 0.0908856
17.2411 0.0849971 0.0859567
17.2679 0.079859 0.0808648
17.2941 0.0745849 0.0756324
17.3199 0.0691936 0.0702783
17.3452 0.0637009 0.0648185
17.3702 0.0581206 0.0592671
17.3949 0.0524652 0.0536366
17.4193 0.046746 0.0479385
17.4435 0.0409738 0.0421836
17.4675 0.0351586 0.036382
17.4914 0.02931 0.0305434
17.5152 0.0234376 0.0246774
17.539 0.0175506 0.0187933
17.5627 0.0116581 0.0129001
17.5863 0.00576922 0.00700723
17.6101 -0.000106736 0.00112373
17.6338 -0.00596053 -0.00474107
17.6577 -0.0117827 -0.0105777
17.6816 -0.0175635 -0.0163765
17.7057 -0.0232931 -0.0221274
17.73 -0.0289609 -0.0278201
17.7545 -0.0345561 -0.0334438
17.7792 -0.0400673 -0.038987
17.8042 -0.0454823 -0.0444376
17.8295 -0.0507881 -0.0497827
17.8552 -0.0559704 -0.055008
17.8813 -0.061014 -0.0600984
17.9079 -0.0659017 -0.0650369
17.935 -0.0706146 -0.0698046
17.9627 -0.0751313 -0.0743803
17.9911 -0.0794273 -0.0787395
18.0203 -0.0834744 -0.0828542
18.0503 -0.0872396 -0.0866917
18.0812 -0.0906841 -0.0902134
18.1132 -0.0937623 -0.0933737
18.1464 -0.0964199 -0.0961185
18.1807 -0.0985944 -0.0983853
18.2163 -0.100215 -0.100103
18.2531 -0.10121 -0.101199
18.2909 -0.101511 -0.101606
18.3292 -0.101075 -0.101277
18.3678 -0.0998947 -0.100203
18.406 -0.0980034 -0.0984164
18.4435 -0.0954717 -0.0959846
18.48 -0.0923898 -0.0929969
18.5153 -0.0888515 -0.0895459
18.5494 -0.0849422 -0.0857169
18.5823 -0.0807339 -0.0815817
18.6141 -0.0762844 -0.0771985
18.6449 -0.0716389 -0.0726125
18.6748 -0.0668324 -0.0678593
18.704 -0.0618925 -0.0629668
18.7326 -0.0568412 -0.0579571
18.7606 -0.0516965 -0.0528487
18.7882 -0.0464737 -0.0476572
18.8153 -0.0411863 -0.042396
18.8422 -0.0358463 -0.0370775
18.8688 -0.030465 -0.031713
18.8952 -0.025053 -0.0263131
18.9215 -0.0196203 -0.0208882
18.9476 -0.0141769 -0.0154482
18.9737 -0.00873273 -0.010003
18.9998 -0.0032975 -0.00456242
19.0259 0.00211888 0.000863572
19.0521 0.00750635 0.00626493
19.0784 0.0128546 0.0116313
19.1048 0.018153 0.0169522
19.1314 0.0233904 0.0222163
19.1583 0.0285551 0.0274122
19.1854 0.0336348 0.0325274
19.2129 0.0386161 0.0375487
19.2408 0.0434847 0.0424618
19.2691 0.0482249 0.0472511
19.2979 0.0528192 0.0518994
19.3274 0.0572483 0.0563872
19.3575 0.0614899 0.0606926
19.3883 0.0655186 0.0647903
19.4201 0.0693048 0.0686509
19.4529 0.0728135 0.0722398
19.4867 0.0760031 0.0755153
19.5219 0.0788234 0.0784278
19.5584 0.0812145 0.0809173
19.5965 0.0831058 0.0829134
19.636 0.0844176 0.0843361
19.677 0.0850683 0.085103
19.7191 0.0849889 0.0851434
19.7618 0.084143 0.0844187
19.8044 0.0825439 0.0829392
19.8464 0.0802549 0.0807653
19.8873 0.0773729 0.0779915
19.9267 0.0740061 0.0747246
19.9647 0.0702554 0.0710648
20 0.0663469 0.0672351
