1 0
0.99995 0.00999983
0.9998 0.0199987
0.99955 0.0299955
0.9992 0.0399893
0.99875 0.0499792
0.998201 0.059964
0.997551 0.0699428
0.996802 0.0799147
0.995953 0.0898785
0.995004 0.0998334
0.993956 0.109778
0.992809 0.119712
0.991562 0.129634
0.990216 0.139543
0.988771 0.149438
0.987227 0.159318
0.985585 0.169182
0.983844 0.17903
0.982004 0.188859
0.980067 0.198669
0.978031 0.20846
0.975897 0.21823
0.973666 0.227978
0.971338 0.237703
0.968912 0.247404
0.96639 0.257081
0.963771 0.266731
0.961055 0.276356
0.958244 0.285952
0.955336 0.29552
0.952334 0.305059
0.949235 0.314567
0.946042 0.324043
0.942755 0.333487
0.939373 0.342898
0.935897 0.352274
0.932327 0.361615
0.928665 0.37092
0.924909 0.380188
0.921061 0.389418
0.917121 0.398609
0.913089 0.40776
0.908966 0.416871
0.904752 0.425939
0.900447 0.434966
0.896052 0.443948
0.891568 0.452886
0.886995 0.461779
0.882333 0.470626
0.877583 0.479426
0.872745 0.488177
0.867819 0.49688
0.862807 0.505533
0.857709 0.514136
0.852525 0.522687
0.847255 0.531186
0.841901 0.539632
0.836463 0.548024
0.830941 0.556361
0.825336 0.564642
0.819648 0.572867
0.813878 0.581035
0.808028 0.589145
0.802096 0.597195
0.796084 0.605186
0.789992 0.613117
0.783822 0.620986
0.777573 0.628793
0.771246 0.636537
0.764842 0.644218
0.758362 0.651834
0.751806 0.659385
0.745174 0.66687
0.738469 0.674288
0.731689 0.681639
0.724836 0.688921
0.717911 0.696135
0.710914 0.703279
0.703845 0.710353
0.696707 0.717356
0.689498 0.724287
0.682221 0.731146
0.674876 0.737931
0.667463 0.744643
0.659983 0.75128
0.652437 0.757843
0.644827 0.764329
0.637151 0.770739
0.629412 0.777072
0.62161 0.783327
0.613746 0.789504
0.60582 0.795602
0.597834 0.80162
0.589788 0.807558
0.581683 0.813416
0.57352 0.819192
0.5653 0.824886
0.557023 0.830497
0.54869 0.836026
0.540302 0.841471
0.531861 0.846832
0.523366 0.852108
0.514819 0.857299
0.50622 0.862404
0.497571 0.867423
0.488872 0.872355
0.480124 0.877201
0.471328 0.881958
0.462485 0.886627
0.453596 0.891207
0.444662 0.895699
0.435682 0.9001
0.42666 0.904412
0.417595 0.908633
0.408487 0.912764
0.39934 0.916803
0.390152 0.920751
0.380925 0.924606
0.37166 0.928369
0.362358 0.932039
0.353019 0.935616
0.343646 0.939099
0.334238 0.942489
0.324796 0.945784
0.315322 0.948985
0.305817 0.95209
0.296281 0.955101
0.286715 0.958016
0.277121 0.960835
0.267499 0.963558
0.25785 0.966185
0.248175 0.968715
0.238476 0.971148
0.228753 0.973485
0.219007 0.975723
0.209239 0.977865
0.19945 0.979908
0.189641 0.981854
0.179813 0.983701
0.169967 0.98545
0.160104 0.9871
0.150225 0.988652
0.140332 0.990105
0.130424 0.991458
0.120503 0.992713
0.11057 0.993868
0.100626 0.994924
0.0906716 0.995881
0.0807084 0.996738
0.0707372 0.997495
0.0607589 0.998152
0.0507745 0.99871
0.040785 0.999168
0.0307915 0.999526
0.0207948 0.999784
0.0107961 0.999942
0.000796327 1
-0.00920354 0.999958
-0.0192025 0.999816
-0.0291995 0.999574
-0.0391936 0.999232
-0.0491838 0.99879
-0.0591691 0.998248
-0.0691484 0.997606
-0.0791209 0.996865
-0.0890854 0.996024
-0.099041 0.995083
-0.108987 0.994043
-0.118922 0.992904
-0.128844 0.991665
-0.138755 0.990327
-0.148651 0.98889
-0.158532 0.987354
-0.168397 0.985719
-0.178246 0.983986
-0.188077 0.982154
-0.197889 0.980224
-0.207681 0.978197
-0.217452 0.976071
-0.227202 0.973848
-0.236929 0.971527
-0.246632 0.969109
-0.256311 0.966594
-0.265964 0.963983
-0.27559 0.961275
-0.285189 0.958471
-0.294759 0.955572
-0.3043 0.952576
-0.313811 0.949486
-0.32329 0.9463
-0.332736 0.94302
-0.34215 0.939645
-0.351529 0.936177
-0.360873 0.932615
-0.370181 0.92896
-0.379452 0.925212
-0.388685 0.921371
-0.397879 0.917438
-0.407033 0.913413
-0.416147 0.909297
-0.425219 0.905091
-0.434248 0.900793
-0.443234 0.896406
-0.452176 0.891929
-0.461073 0.887362
-0.469923 0.882707
-0.478727 0.877964
-0.487482 0.873133
-0.496189 0.868215
-0.504846 0.863209
-0.513453 0.858118
-0.522008 0.85294
-0.530511 0.847678
-0.538961 0.84233
-0.547358 0.836899
-0.555699 0.831383
-0.563985 0.825785
-0.572215 0.820104
-0.580387 0.814341
-0.588501 0.808496
-0.596557 0.802571
-0.604552 0.796565
-0.612488 0.79048
-0.620362 0.784316
-0.628174 0.778073
-0.635923 0.771753
-0.643608 0.765355
-0.65123 0.758881
-0.658786 0.752331
-0.666276 0.745705
-0.6737 0.739005
-0.681056 0.732231
-0.688344 0.725384
-0.695563 0.718465
-0.702713 0.711473
-0.709793 0.704411
-0.716801 0.697278
-0.723738 0.690075
-0.730602 0.682803
-0.737394 0.675463
-0.744111 0.668056
-0.750755 0.660581
-0.757323 0.653041
-0.763815 0.645435
-0.770231 0.637765
-0.77657 0.630031
-0.782832 0.622234
-0.789015 0.614374
-0.795119 0.606454
-0.801144 0.598472
-0.807088 0.590431
-0.812952 0.582331
-0.818735 0.574172
-0.824435 0.565956
-0.830054 0.557684
-0.835589 0.549355
-0.84104 0.540972
-0.846408 0.532535
-0.851691 0.524044
-0.856889 0.515501
-0.862001 0.506907
-0.867027 0.498262
-0.871966 0.489567
-0.876818 0.480823
-0.881582 0.472031
-0.886258 0.463191
-0.890846 0.454306
-0.895344 0.445375
-0.899753 0.436399
-0.904072 0.42738
-0.908301 0.418318
-0.912438 0.409214
-0.916485 0.400069
-0.92044 0.390885
-0.924302 0.381661
-0.928073 0.372399
-0.93175 0.3631
-0.935335 0.353764
-0.938825 0.344393
-0.942222 0.334988
-0.945525 0.325549
-0.948733 0.316078
-0.951847 0.306575
-0.954865 0.297041
-0.957787 0.287478
-0.960614 0.277886
-0.963345 0.268266
-0.965979 0.258619
-0.968517 0.248947
-0.970958 0.239249
-0.973302 0.229528
-0.975549 0.219784
-0.977698 0.210017
-0.979749 0.20023
-0.981702 0.190423
-0.983557 0.180596
-0.985314 0.170752
-0.986972 0.16089
-0.988532 0.151013
-0.989992 0.14112
-0.991354 0.131213
-0.992617 0.121293
-0.99378 0.111361
-0.994844 0.101418
-0.995808 0.0914646
-0.996673 0.0815022
-0.997438 0.0715315
-0.998104 0.0615537
-0.998669 0.0515698
-0.999135 0.0415807
-0.999501 0.0315874
-0.999767 0.021591
-0.999933 0.0115924
-0.999999 0.00159265
-0.999965 -0.00840725
-0.999831 -0.0184063
-0.999597 -0.0284035
-0.999263 -0.0383979
-0.998829 -0.0483884
-0.998295 -0.0583741
-0.997661 -0.068354
-0.996928 -0.078327
-0.996095 -0.0882922
-0.995162 -0.0982486
-0.99413 -0.108195
-0.992998 -0.118131
-0.991767 -0.128055
-0.990437 -0.137966
-0.989008 -0.147863
-0.98748 -0.157746
-0.985853 -0.167612
-0.984128 -0.177462
-0.982304 -0.187295
-0.980382 -0.197108
-0.978362 -0.206902
-0.976244 -0.216675
-0.974028 -0.226427
-0.971715 -0.236155
-0.969305 -0.245861
-0.966798 -0.255541
-0.964194 -0.265196
-0.961494 -0.274825
-0.958698 -0.284426
-0.955806 -0.293998
-0.952818 -0.303542
-0.949735 -0.313054
-0.946557 -0.322536
-0.943285 -0.331985
-0.939918 -0.341401
-0.936457 -0.350783
-0.932902 -0.36013
-0.929254 -0.369441
-0.925513 -0.378715
-0.92168 -0.387951
-0.917755 -0.397148
-0.913737 -0.406306
-0.909629 -0.415423
-0.905429 -0.424498
-0.901139 -0.433531
-0.896758 -0.44252
-0.892288 -0.451466
-0.887729 -0.460366
-0.883081 -0.46922
-0.878345 -0.478027
-0.873521 -0.486787
-0.868609 -0.495497
-0.863611 -0.504159
-0.858526 -0.512769
-0.853356 -0.521329
-0.8481 -0.529836
-0.842759 -0.538291
-0.837334 -0.546691
-0.831826 -0.555037
-0.826234 -0.563327
-0.820559 -0.571561
-0.814803 -0.579738
-0.808965 -0.587857
-0.803046 -0.595917
-0.797047 -0.603918
-0.790968 -0.611858
-0.78481 -0.619737
-0.778573 -0.627554
-0.772259 -0.635308
-0.765867 -0.642999
-0.759399 -0.650625
-0.752855 -0.658186
-0.746236 -0.665682
-0.739542 -0.673111
-0.732774 -0.680473
-0.725932 -0.687766
-0.719018 -0.694991
-0.712033 -0.702146
-0.704976 -0.709231
-0.697848 -0.716246
-0.690651 -0.723188
-0.683385 -0.730058
-0.67605 -0.736856
-0.668648 -0.743579
-0.661179 -0.750228
-0.653644 -0.756802
-0.646043 -0.763301
-0.638378 -0.769723
-0.630649 -0.776068
-0.622857 -0.782336
-0.615002 -0.788525
-0.607087 -0.794636
-0.59911 -0.800667
-0.591073 -0.806618
-0.582978 -0.812488
-0.574824 -0.818277
-0.566613 -0.823984
-0.558345 -0.829609
-0.550021 -0.835151
-0.541642 -0.840609
-0.533209 -0.845984
-0.524722 -0.851273
-0.516184 -0.856478
-0.507593 -0.861597
-0.498952 -0.86663
-0.490261 -0.871576
-0.481521 -0.876435
-0.472732 -0.881206
-0.463897 -0.885889
-0.455015 -0.890484
-0.446087 -0.894989
-0.437115 -0.899405
-0.4281 -0.903732
-0.419041 -0.907967
-0.409941 -0.912112
-0.400799 -0.916166
-0.391618 -0.920128
-0.382397 -0.923998
-0.373138 -0.927776
-0.363842 -0.931461
-0.354509 -0.935053
-0.345141 -0.938551
-0.335738 -0.941955
-0.326302 -0.945266
-0.316833 -0.948481
-0.307333 -0.951602
-0.297802 -0.954628
-0.288241 -0.957558
-0.278651 -0.960392
-0.269033 -0.963131
-0.259389 -0.965773
-0.249718 -0.968319
-0.240022 -0.970767
-0.230303 -0.973119
-0.22056 -0.975373
-0.210796 -0.97753
-0.20101 -0.979589
-0.191204 -0.98155
-0.181379 -0.983413
-0.171536 -0.985178
-0.161676 -0.986844
-0.1518 -0.988411
-0.141908 -0.98988
-0.132003 -0.991249
-0.122084 -0.99252
-0.112153 -0.993691
-0.10221 -0.994763
-0.0922576 -0.995735
-0.0822958 -0.996608
-0.0723258 -0.997381
-0.0623485 -0.998054
-0.052365 -0.998628
-0.0423763 -0.999102
-0.0323833 -0.999476
-0.0223871 -0.999749
-0.0123887 -0.999923
-0.00238898 -0.999997
0.00761095 -0.999971
0.0176101 -0.999845
0.0276075 -0.999619
0.0376022 -0.999293
0.047593 -0.998867
0.0575792 -0.998341
0.0675595 -0.997715
0.0775331 -0.99699
0.087499 -0.996165
0.0974561 -0.99524
0.107403 -0.994216
0.11734 -0.993092
0.127265 -0.991869
0.137177 -0.990547
0.147076 -0.989125
0.156959 -0.987605
0.166827 -0.985986
0.176679 -0.984269
0.186512 -0.982453
0.196327 -0.980538
0.206123 -0.978526
0.215898 -0.976416
0.225651 -0.974208
0.235381 -0.971903
0.245089 -0.969501
0.254771 -0.967001
0.264428 -0.964405
0.274059 -0.961713
0.283662 -0.958924
0.293237 -0.95604
0.302783 -0.95306
0.312298 -0.949984
0.321782 -0.946814
0.331234 -0.943549
0.340653 -0.940189
0.350037 -0.936736
0.359387 -0.933189
0.368701 -0.929548
0.377978 -0.925815
0.387217 -0.921989
0.396417 -0.91807
0.405578 -0.91406
0.414698 -0.909959
0.423777 -0.905767
0.432813 -0.901484
0.441806 -0.897111
0.450755 -0.892648
0.459659 -0.888096
0.468517 -0.883455
0.477328 -0.878725
0.486091 -0.873908
0.494806 -0.869004
0.503471 -0.864012
0.512085 -0.858934
0.520649 -0.853771
0.529161 -0.848522
0.537619 -0.843188
0.546024 -0.837769
0.554374 -0.832267
0.562669 -0.826682
0.570908 -0.821014
0.579089 -0.815264
0.587213 -0.809433
0.595278 -0.80352
0.603283 -0.797527
0.611228 -0.791455
0.619112 -0.785303
0.626934 -0.779073
0.634693 -0.772764
0.642389 -0.766379
0.65002 -0.759917
0.657587 -0.753379
0.665088 -0.746765
0.672522 -0.740077
0.679889 -0.733315
0.687188 -0.72648
0.694418 -0.719572
0.701579 -0.712592
0.70867 -0.70554
0.71569 -0.698418
0.722638 -0.691227
0.729514 -0.683966
0.736317 -0.676637
0.743046 -0.66924
0.749702 -0.661776
0.756282 -0.654246
0.762786 -0.646651
0.769215 -0.638991
0.775566 -0.631267
0.78184 -0.62348
0.788035 -0.61563
0.794152 -0.607719
0.800189 -0.599747
0.806147 -0.591716
0.812024 -0.583625
0.817819 -0.575475
0.823533 -0.567269
0.829164 -0.559005
0.834713 -0.550686
0.840178 -0.542311
0.845559 -0.533882
0.850855 -0.5254
0.856067 -0.516865
0.861192 -0.508279
0.866232 -0.499642
0.871185 -0.490955
0.876051 -0.482218
0.880829 -0.473434
0.88552 -0.464602
0.890121 -0.455724
0.894634 -0.4468
0.899057 -0.437832
0.90339 -0.428819
0.907633 -0.419764
0.911785 -0.410667
0.915846 -0.401529
0.919816 -0.39235
0.923693 -0.383133
0.927478 -0.373877
0.931171 -0.364583
0.93477 -0.355254
0.938276 -0.345888
0.941688 -0.336488
0.945005 -0.327055
0.948229 -0.317589
0.951357 -0.308091
0.95439 -0.298562
0.957328 -0.289003
0.96017 -0.279415
0.962916 -0.2698
0.965566 -0.260157
0.968119 -0.250489
0.970576 -0.240795
0.972935 -0.231078
0.975197 -0.221337
0.977362 -0.211574
0.979429 -0.20179
0.981398 -0.191986
0.983268 -0.182163
0.985041 -0.172321
0.986715 -0.162462
0.98829 -0.152587
0.989766 -0.142697
0.991144 -0.132792
0.992422 -0.122874
0.993601 -0.112944
0.994681 -0.103002
0.995661 -0.0930505
0.996542 -0.0830894
0.997323 -0.07312
0.998004 -0.0631433
0.998586 -0.0531602
0.999068 -0.0431719
0.999449 -0.0331792
0.999731 -0.0231832
0.999913 -0.0131849
0.999995 -0.0031853
0.999977 0.00681464
0.999859 0.0168139
0.999641 0.0268115
0.999322 0.0368064
0.998904 0.0467976
0.998386 0.0567841
0.997769 0.066765
0.997051 0.0767392
0.996234 0.0867057
0.995317 0.0966635
0.994301 0.106612
0.993185 0.116549
0.99197 0.126475
0.990655 0.136388
0.989242 0.146288
0.98773 0.156173
0.986119 0.166042
0.984409 0.175895
0.982601 0.18573
0.980694 0.195547
0.97869 0.205344
0.976588 0.21512
0.974388 0.224875
0.97209 0.234607
0.969696 0.244316
0.967204 0.254001
0.964616 0.26366
0.961931 0.273293
0.95915 0.282898
0.956273 0.292476
0.9533 0.302024
0.950233 0.311541
0.94707 0.321028
0.943812 0.330482
0.94046 0.339904
0.937014 0.349291
0.933474 0.358644
0.929841 0.367961
0.926115 0.37724
0.922297 0.386483
0.918386 0.395686
0.914383 0.40485
0.910289 0.413973
0.906104 0.423055
0.901828 0.432095
0.897462 0.441092
0.893006 0.450044
0.888461 0.458951
0.883827 0.467813
0.879105 0.476628
0.874295 0.485395
0.869397 0.494113
0.864413 0.502782
0.859342 0.511401
0.854185 0.519969
0.848943 0.528485
0.843616 0.536948
0.838204 0.545357
0.832709 0.553711
0.82713 0.562011
0.821469 0.570254
0.815725 0.57844
0.8099 0.586568
0.803994 0.594637
0.798007 0.602648
0.791941 0.610597
0.785796 0.618486
0.779572 0.626313
0.77327 0.634077
0.76689 0.641778
0.760434 0.649415
0.753902 0.656987
0.747295 0.664493
0.740613 0.671932
0.733856 0.679305
0.727027 0.686609
0.720124 0.693845
0.71315 0.701011
0.706104 0.708108
0.698988 0.715133
0.691802 0.722087
0.684547 0.728969
0.677223 0.735778
0.669831 0.742513
0.662373 0.749174
0.654848 0.755761
0.647258 0.762271
0.639603 0.768705
0.631884 0.775063
0.624102 0.781343
0.616257 0.787545
0.608351 0.793668
0.600384 0.799712
0.592357 0.805675
0.584271 0.811559
0.576126 0.817361
0.567924 0.823081
0.559665 0.828719
0.55135 0.834274
0.54298 0.839746
0.534555 0.845133
0.526078 0.850437
0.517547 0.855655
0.508965 0.860787
0.500332 0.865834
0.491648 0.870794
0.482916 0.875667
0.474135 0.880452
0.465307 0.885149
0.456433 0.889758
0.447512 0.894278
0.438547 0.898708
0.429538 0.903049
0.420487 0.907299
0.411393 0.911458
0.402258 0.915526
0.393083 0.919503
0.383868 0.923388
0.374615 0.92718
0.365325 0.93088
0.355998 0.934487
0.346635 0.938
0.337238 0.941419
0.327807 0.944745
0.318344 0.947975
0.308848 0.951111
0.299322 0.954152
0.289765 0.957098
0.28018 0.959947
0.270567 0.962701
0.260926 0.965359
0.25126 0.96792
0.241568 0.970384
0.231852 0.972751
0.222114 0.975021
0.212352 0.977193
0.20257 0.979268
0.192767 0.981244
0.182945 0.983123
0.173105 0.984903
0.163248 0.986585
0.153374 0.988168
0.143485 0.989653
0.133581 0.991038
0.123664 0.992324
0.113735 0.993511
0.103794 0.994599
0.0938433 0.995587
0.0838829 0.996476
0.0739142 0.997265
0.063938 0.997954
0.0539554 0.998543
0.0439675 0.999033
0.0339751 0.999423
0.0239793 0.999712
0.0139812 0.999902
0.00398162 0.999992
-0.00601833 0.999982
-0.0160177 0.999872
-0.0260154 0.999662
-0.0360106 0.999351
-0.0460021 0.998941
-0.0559891 0.998431
-0.0659704 0.997822
-0.0759452 0.997112
-0.0859123 0.996303
-0.0958709 0.995394
-0.10582 0.994385
-0.115758 0.993277
-0.125685 0.99207
-0.135599 0.990764
-0.1455 0.989358
-0.155386 0.987854
-0.165257 0.986251
-0.175111 0.984549
-0.184947 0.982748
-0.194765 0.98085
-0.204564 0.978853
-0.214342 0.976759
-0.224099 0.974566
-0.233833 0.972277
-0.243544 0.96989
-0.253231 0.967406
-0.262892 0.964825
-0.272527 0.962148
-0.282135 0.959375
-0.291714 0.956506
-0.301264 0.953541
-0.310785 0.95048
-0.320274 0.947325
-0.329731 0.944075
-0.339155 0.940731
-0.348545 0.937292
-0.3579 0.93376
-0.36722 0.930134
-0.376503 0.926415
-0.385748 0.922604
-0.394955 0.918701
-0.404122 0.914705
-0.413248 0.910618
-0.422334 0.90644
-0.431377 0.902172
-0.440377 0.897813
-0.449333 0.893364
-0.458244 0.888827
-0.467109 0.8842
-0.475928 0.879484
-0.484698 0.874681
-0.493421 0.869791
-0.502094 0.864813
-0.510717 0.859749
-0.519289 0.854599
-0.527809 0.849363
-0.536276 0.844043
-0.544689 0.838638
-0.553048 0.833149
-0.561352 0.827577
-0.569599 0.821922
-0.57779 0.816185
-0.585923 0.810367
-0.593997 0.804467
-0.602012 0.798487
-0.609967 0.792427
-0.61786 0.786288
-0.625692 0.78007
-0.633461 0.773774
-0.641167 0.767401
-0.648809 0.760951
-0.656386 0.754425
-0.663897 0.747824
-0.671342 0.741147
-0.67872 0.734397
-0.68603 0.727573
-0.693271 0.720677
-0.700443 0.713708
-0.707545 0.706668
-0.714576 0.699557
-0.721536 0.692377
-0.728424 0.685127
-0.735238 0.677809
-0.74198 0.670422
-0.748647 0.662969
-0.755239 0.65545
-0.761755 0.647865
-0.768196 0.640215
-0.77456 0.632501
-0.780846 0.624724
-0.787054 0.616884
-0.793183 0.608983
-0.799233 0.601021
-0.805203 0.592999
-0.811093 0.584917
-0.816902 0.576777
-0.822628 0.568579
-0.828273 0.560325
-0.833835 0.552014
-0.839313 0.543648
-0.844707 0.535228
-0.850017 0.526755
-0.855242 0.518228
-0.860382 0.50965
-0.865435 0.501021
-0.870402 0.492342
-0.875282 0.483613
-0.880074 0.474836
-0.884778 0.466012
-0.889394 0.457141
-0.893921 0.448224
-0.898359 0.439263
-0.902706 0.430257
-0.906964 0.421209
-0.91113 0.412118
-0.915206 0.402987
-0.91919 0.393815
-0.923082 0.384603
-0.926882 0.375353
-0.930589 0.366066
-0.934203 0.356742
-0.937724 0.347382
-0.941151 0.337988
-0.944483 0.328559
-0.947722 0.319098
-0.950865 0.309605
-0.953914 0.300081
-0.956867 0.290527
-0.959724 0.280944
-0.962485 0.271333
-0.965151 0.261695
-0.967719 0.252031
-0.970191 0.242341
-0.972566 0.232627
-0.974844 0.22289
-0.977024 0.21313
-0.979106 0.20335
-0.981091 0.193549
-0.982977 0.183728
-0.984765 0.173889
-0.986455 0.164033
-0.988046 0.154161
-0.989538 0.144273
-0.990931 0.13437
-0.992225 0.124454
-0.99342 0.114526
-0.994516 0.104586
-0.995512 0.0946361
-0.996409 0.0846764
-0.997205 0.0747083
-0.997903 0.0647327
-0.9985 0.0547506
-0.998998 0.044763
-0.999395 0.034771
-0.999693 0.0247754
-0.999891 0.0147774
-0.999989 0.00477794
-0.999986 -0.00522202
-0.999884 -0.0152215
-0.999682 -0.0252194
-0.99938 -0.0352148
-0.998978 -0.0452066
-0.998476 -0.055194
-0.997874 -0.0651758
-0.997172 -0.0751511
-0.996371 -0.0851189
-0.99547 -0.0950782
-0.994469 -0.105028
-0.993369 -0.114967
-0.99217 -0.124895
-0.990871 -0.13481
-0.989474 -0.144712
-0.987977 -0.154599
-0.986382 -0.164471
-0.984688 -0.174327
-0.982895 -0.184165
-0.981005 -0.193984
-0.979016 -0.203785
-0.976929 -0.213564
-0.974745 -0.223323
-0.972463 -0.233059
-0.970083 -0.242772
-0.967607 -0.25246
-0.965034 -0.262124
-0.962365 -0.271761
-0.959599 -0.281371
-0.956738 -0.290952
-0.95378 -0.300505
-0.950728 -0.310028
-0.94758 -0.319519
-0.944337 -0.328979
-0.941 -0.338406
-0.937569 -0.347799
-0.934044 -0.357157
-0.930426 -0.366479
-0.926715 -0.375765
-0.922911 -0.385013
-0.919015 -0.394223
-0.915027 -0.403393
-0.910947 -0.412523
-0.906776 -0.421612
-0.902515 -0.430658
-0.898163 -0.439662
-0.893722 -0.448621
-0.889191 -0.457536
-0.884571 -0.466405
-0.879863 -0.475227
-0.875067 -0.484002
-0.870183 -0.492728
-0.865213 -0.501405
-0.860155 -0.510032
-0.855012 -0.518608
-0.849783 -0.527132
-0.84447 -0.535603
-0.839072 -0.544021
-0.833589 -0.552384
-0.828024 -0.560693
-0.822376 -0.568945
-0.816645 -0.57714
-0.810833 -0.585277
-0.80494 -0.593356
-0.798966 -0.601376
-0.792913 -0.609335
-0.78678 -0.617234
-0.780568 -0.625071
-0.774279 -0.632845
-0.767911 -0.640556
-0.761468 -0.648203
-0.754948 -0.655785
-0.748352 -0.663302
-0.741682 -0.670752
-0.734937 -0.678135
-0.728119 -0.68545
-0.721229 -0.692697
-0.714266 -0.699875
-0.707231 -0.706982
-0.700126 -0.714019
-0.692951 -0.720985
-0.685707 -0.727878
-0.678394 -0.734698
-0.671013 -0.741446
-0.663565 -0.748118
-0.656051 -0.754717
-0.648471 -0.761239
-0.640826 -0.767686
-0.633118 -0.774056
-0.625346 -0.780348
-0.617511 -0.786562
-0.609615 -0.792698
-0.601657 -0.798754
-0.59364 -0.804731
-0.585563 -0.810627
-0.577427 -0.816442
-0.569234 -0.822175
-0.560984 -0.827826
-0.552678 -0.833395
-0.544317 -0.83888
-0.535901 -0.844281
-0.527431 -0.849598
-0.518909 -0.854829
-0.510335 -0.859976
-0.50171 -0.865036
-0.493035 -0.87001
-0.48431 -0.874896
-0.475537 -0.879696
-0.466716 -0.884407
-0.457849 -0.88903
-0.448936 -0.893564
-0.439978 -0.898009
-0.430976 -0.902363
-0.421931 -0.906628
-0.412844 -0.910802
-0.403715 -0.914885
-0.394547 -0.918876
-0.385338 -0.922775
-0.376091 -0.926583
-0.366807 -0.930297
-0.357486 -0.933919
-0.348129 -0.937447
-0.338737 -0.940881
-0.329311 -0.944221
-0.319853 -0.947467
-0.310362 -0.950618
-0.300841 -0.953674
-0.291289 -0.956635
-0.281709 -0.9595
-0.2721 -0.962269
-0.262463 -0.964942
-0.252801 -0.967518
-0.243113 -0.969998
-0.233401 -0.97238
-0.223666 -0.974666
-0.213908 -0.976854
-0.204129 -0.978944
-0.19433 -0.980936
-0.184511 -0.98283
-0.174674 -0.984626
-0.164819 -0.986324
-0.154947 -0.987923
-0.145061 -0.989423
-0.135159 -0.990824
-0.125245 -0.992126
-0.115317 -0.993329
-0.105378 -0.994432
-0.0954289 -0.995436
-0.0854699 -0.996341
-0.0755024 -0.997146
-0.0655273 -0.997851
-0.0555457 -0.998456
-0.0455585 -0.998962
-0.0355668 -0.999367
-0.0255715 -0.999673
-0.0155737 -0.999879
-0.00557426 -0.999984
0.0044257 -0.99999
0.0144252 -0.999896
0.0244233 -0.999702
0.0344189 -0.999407
0.0444111 -0.999013
0.0543988 -0.998519
0.0643812 -0.997925
0.074357 -0.997232
0.0843255 -0.996438
0.0942855 -0.995545
0.104236 -0.994553
0.114176 -0.993461
0.124105 -0.992269
0.134021 -0.990978
0.143924 -0.989589
0.153813 -0.9881
0.163686 -0.986513
0.173543 -0.984826
0.183382 -0.983042
0.193203 -0.981159
0.203005 -0.979178
0.212786 -0.977099
0.222547 -0.974922
0.232284 -0.972648
0.241999 -0.970276
0.25169 -0.967808
0.261355 -0.965243
0.270994 -0.962581
0.280606 -0.959823
0.29019 -0.956969
0.299745 -0.954019
0.30927 -0.950974
0.318765 -0.947834
0.328227 -0.944599
0.337656 -0.94127
0.347052 -0.937846
0.356413 -0.934329
0.365738 -0.930718
0.375027 -0.927014
0.384278 -0.923217
0.393491 -0.919329
0.402664 -0.915348
0.411798 -0.911275
0.42089 -0.907112
0.429939 -0.902858
0.438946 -0.898513
0.447909 -0.894079
0.456828 -0.889555
0.4657 -0.884943
0.474526 -0.880241
0.483305 -0.875452
0.492035 -0.870575
0.500716 -0.865612
0.509347 -0.860561
0.517927 -0.855425
0.526455 -0.850203
0.534931 -0.844896
0.543353 -0.839504
0.551721 -0.834029
0.560033 -0.82847
0.56829 -0.822829
0.576489 -0.817105
0.584631 -0.811299
0.592715 -0.805412
0.600739 -0.799445
0.608704 -0.793398
0.616607 -0.787271
0.624449 -0.781066
0.632228 -0.774782
0.639944 -0.768421
0.647596 -0.761984
0.655184 -0.75547
0.662705 -0.74888
0.670161 -0.742216
0.67755 -0.735477
0.68487 -0.728665
0.692123 -0.72178
0.699306 -0.714823
0.706419 -0.707794
0.713461 -0.700695
0.720432 -0.693525
0.727332 -0.686286
0.734158 -0.678979
0.740911 -0.671603
0.74759 -0.664161
0.754194 -0.656652
0.760723 -0.649077
0.767175 -0.641438
0.773551 -0.633734
0.77985 -0.625967
0.78607 -0.618137
0.792212 -0.610246
0.798275 -0.602293
0.804258 -0.59428
0.81016 -0.586208
0.815982 -0.578077
0.821722 -0.569889
0.827379 -0.561643
0.832954 -0.553342
0.838446 -0.544984
0.843854 -0.536573
0.849177 -0.528108
0.854416 -0.51959
0.859569 -0.51102
0.864636 -0.502399
0.869617 -0.493727
0.874511 -0.485007
0.879317 -0.476237
0.884035 -0.46742
0.888665 -0.458557
0.893206 -0.449647
0.897658 -0.440693
0.90202 -0.431695
0.906292 -0.422653
0.910473 -0.413569
0.914563 -0.404444
0.918561 -0.395278
0.922468 -0.386073
0.926283 -0.376829
0.930005 -0.367548
0.933634 -0.358229
0.937169 -0.348875
0.940611 -0.339486
0.943959 -0.330063
0.947212 -0.320607
0.950371 -0.311119
0.953434 -0.3016
0.956403 -0.292051
0.959275 -0.282473
0.962052 -0.272866
0.964733 -0.263232
0.967317 -0.253571
0.969804 -0.243886
0.972194 -0.234176
0.974487 -0.224442
0.976683 -0.214686
0.978781 -0.204909
0.980781 -0.195111
0.982683 -0.185294
0.984487 -0.175458
0.986192 -0.165604
0.987799 -0.155734
0.989307 -0.145849
0.990716 -0.135948
0.992026 -0.126035
0.993237 -0.116108
0.994348 -0.10617
0.99536 -0.0962215
0.996272 -0.0862633
0.997085 -0.0762964
0.997798 -0.0663219
0.998412 -0.0563408
0.998925 -0.046354
0.999339 -0.0363626
0.999652 -0.0263676
0.999866 -0.0163699
0.99998 -0.00637057
0.999993 0.00362938
0.999907 0.013629
0.999721 0.0236272
0.999435 0.033623
0.999048 0.0436155
0.998562 0.0536037
0.997976 0.0635865
0.997291 0.0735629
0.996505 0.0835319
0.99562 0.0934926
0.994635 0.103444
0.993551 0.113385
0.992368 0.123315
0.991085 0.133232
0.989703 0.143136
0.988222 0.153026
0.986643 0.1629
0.984964 0.172758
0.983187 0.182599
0.981312 0.192422
0.979339 0.202225
0.977268 0.212008
0.975099 0.22177
0.972833 0.23151
0.970469 0.241226
0.968008 0.250919
0.965451 0.260586
0.962796 0.270228
0.960046 0.279842
0.9572 0.289428
0.954258 0.298986
0.95122 0.308513
0.948087 0.31801
0.94486 0.327474
0.941538 0.336907
0.938122 0.346305
0.934612 0.355669
0.931009 0.364997
0.927312 0.374289
0.923523 0.383543
0.919642 0.392759
0.915668 0.401935
0.911603 0.411072
0.907447 0.420167
0.9032 0.42922
0.898863 0.438231
0.894435 0.447197
0.889919 0.456119
0.885313 0.464995
0.880619 0.473825
0.875837 0.482607
0.870967 0.491342
0.86601 0.500027
0.860967 0.508661
0.855837 0.517246
0.850622 0.525778
0.845322 0.534258
0.839937 0.542684
0.834468 0.551056
0.828916 0.559373
0.823281 0.567634
0.817563 0.575838
0.811764 0.583985
0.805884 0.592074
0.799923 0.600103
0.793882 0.608072
0.787762 0.61598
0.781563 0.623827
0.775285 0.631611
0.768931 0.639332
0.762499 0.646989
0.755991 0.654582
0.749408 0.662109
0.742749 0.66957
0.736016 0.676964
0.72921 0.68429
0.722331 0.691548
0.715379 0.698736
0.708356 0.705855
0.701263 0.712903
0.694099 0.71988
0.686865 0.726785
0.679563 0.733617
0.672193 0.740376
0.664756 0.747061
0.657252 0.753671
0.649683 0.760206
0.642048 0.766664
0.63435 0.773046
0.626588 0.779351
0.618763 0.785578
0.610876 0.791726
0.602929 0.797795
0.594921 0.803784
0.586853 0.809693
0.578727 0.815521
0.570543 0.821268
0.562302 0.826932
0.554005 0.832514
0.545652 0.838012
0.537245 0.843426
0.528784 0.848757
0.52027 0.854002
0.511704 0.859162
0.503087 0.864236
0.49442 0.869223
0.485703 0.874124
0.476937 0.878937
0.468124 0.883663
0.459264 0.8883
0.450359 0.892848
0.441408 0.897307
0.432413 0.901676
0.423375 0.905955
0.414294 0.910143
0.405172 0.91424
0.396009 0.918246
0.386807 0.922161
0.377567 0.925982
0.368288 0.929712
0.358973 0.933348
0.349621 0.936891
0.340235 0.94034
0.330815 0.943696
0.321362 0.946957
0.311876 0.950123
0.302359 0.953194
0.292812 0.95617
0.283236 0.95905
0.273632 0.961835
0.264 0.964523
0.254342 0.967114
0.244658 0.969609
0.23495 0.972008
0.225218 0.974308
0.215464 0.976512
0.205688 0.978618
0.195892 0.980625
0.186076 0.982535
0.176242 0.984347
0.166389 0.98606
0.156521 0.987675
0.146636 0.98919
0.136737 0.990607
0.126824 0.991925
0.116899 0.993144
0.106962 0.994263
0.0970141 0.995283
0.0870566 0.996203
0.0770904 0.997024
0.0671164 0.997745
0.0571358 0.998366
0.0471495 0.998888
0.0371584 0.999309
0.0271636 0.999631
0.0171661 0.999853
0.00716688 0.999974
-0.00283306 0.999996
-0.0128327 0.999918
-0.0228311 0.999739
-0.0328272 0.999461
-0.04282 0.999083
-0.0528085 0.998605
-0.0627917 0.998027
-0.0727687 0.997349
-0.0827384 0.996571
-0.0926998 0.995694
-0.102652 0.994717
-0.112594 0.993641
-0.122524 0.992466
-0.132443 0.991191
-0.142348 0.989817
-0.152239 0.988344
-0.162114 0.986772
-0.171974 0.985102
-0.181816 0.983333
-0.19164 0.981465
-0.201445 0.9795
-0.21123 0.977436
-0.220994 0.975275
-0.230735 0.973017
-0.240454 0.970661
-0.250148 0.968208
-0.259817 0.965658
-0.269461 0.963011
-0.279077 0.960269
-0.288666 0.95743
-0.298226 0.954495
-0.307755 0.951466
-0.317255 0.94834
-0.326722 0.945121
-0.336157 0.941806
-0.345558 0.938397
-0.354924 0.934895
-0.364255 0.931299
-0.37355 0.92761
-0.382807 0.923828
-0.392026 0.919954
-0.401206 0.915988
-0.410346 0.91193
-0.419444 0.907781
-0.428501 0.903541
-0.437515 0.899211
-0.446485 0.894791
-0.45541 0.890282
-0.46429 0.885683
-0.473124 0.880996
-0.48191 0.876221
-0.490648 0.871358
-0.499337 0.866408
-0.507976 0.861371
-0.516564 0.856249
-0.5251 0.85104
-0.533584 0.845747
-0.542015 0.840369
-0.550391 0.834907
-0.558713 0.829361
-0.566978 0.823733
-0.575187 0.818022
-0.583339 0.812229
-0.591432 0.806355
-0.599465 0.800401
-0.607439 0.794366
-0.615352 0.788252
-0.623204 0.782059
-0.630993 0.775788
-0.63872 0.76944
-0.646382 0.763014
-0.65398 0.756512
-0.661512 0.749935
-0.668978 0.743282
-0.676377 0.736555
-0.683709 0.729755
-0.690972 0.722881
-0.698166 0.715936
-0.705291 0.708918
-0.712344 0.70183
-0.719327 0.694672
-0.726238 0.687444
-0.733076 0.680147
-0.73984 0.672782
-0.746531 0.665351
-0.753147 0.657852
-0.759688 0.650288
-0.766153 0.642659
-0.772541 0.634965
-0.778852 0.627208
-0.785085 0.619388
-0.791239 0.611507
-0.797315 0.603564
-0.80331 0.595561
-0.809226 0.587498
-0.81506 0.579376
-0.820813 0.571197
-0.826484 0.56296
-0.832072 0.554667
-0.837577 0.546319
-0.842998 0.537916
-0.848335 0.529459
-0.853587 0.52095
-0.858754 0.512388
-0.863835 0.503775
-0.868829 0.495112
-0.873737 0.486399
-0.878557 0.477637
-0.88329 0.468828
-0.887934 0.459972
-0.892489 0.451069
-0.896955 0.442122
-0.901331 0.433131
-0.905617 0.424096
-0.909813 0.415019
-0.913918 0.4059
-0.917931 0.396741
-0.921852 0.387542
-0.925681 0.378304
-0.929418 0.369028
-0.933062 0.359716
-0.936612 0.350367
-0.940069 0.340984
-0.943432 0.331566
-0.9467 0.322116
-0.949874 0.312633
-0.952953 0.303118
-0.955936 0.293574
-0.958824 0.284
-0.961616 0.274398
-0.964312 0.264768
-0.966912 0.255112
-0.969414 0.24543
-0.97182 0.235724
-0.974129 0.225994
-0.97634 0.216242
-0.978453 0.206467
-0.980469 0.196673
-0.982387 0.186858
-0.984206 0.177025
-0.985927 0.167175
-0.98755 0.157307
-0.989073 0.147424
-0.990498 0.137526
-0.991824 0.127614
-0.99305 0.11769
-0.994178 0.107754
-0.995205 0.0978067
-0.996134 0.0878499
-0.996962 0.0778843
-0.997691 0.067911
-0.998321 0.0579308
-0.99885 0.0479449
-0.999279 0.0379541
-0.999609 0.0279596
-0.999839 0.0179623
-0.999968 0.00796318
-0.999998 -0.00203673
-0.999928 -0.0120364
-0.999757 -0.0220349
-0.999487 -0.0320313
-0.999117 -0.0420244
-0.998646 -0.0520133
-0.998076 -0.0619969
-0.997406 -0.0719744
-0.996637 -0.0819447
-0.995768 -0.0919069
-0.994799 -0.10186
-0.99373 -0.111802
-0.992563 -0.121734
-0.991296 -0.131653
-0.98993 -0.14156
-0.988465 -0.151452
-0.986901 -0.161329
-0.985238 -0.171189
-0.983477 -0.181033
-0.981618 -0.190859
-0.97966 -0.200665
-0.977604 -0.210451
-0.975451 -0.220217
-0.9732 -0.22996
-0.970852 -0.23968
-0.968407 -0.249377
-0.965864 -0.259048
-0.963226 -0.268694
-0.960491 -0.278312
-0.957659 -0.287903
-0.954733 -0.297465
-0.95171 -0.306998
-0.948593 -0.316499
-0.94538 -0.325969
-0.942073 -0.335407
-0.938672 -0.34481
-0.935177 -0.35418
-0.931589 -0.363514
-0.927907 -0.372811
-0.924133 -0.382071
-0.920266 -0.391293
-0.916307 -0.400476
-0.912257 -0.409619
-0.908115 -0.418721
-0.903882 -0.427781
-0.899559 -0.436799
-0.895146 -0.445772
-0.890644 -0.454701
-0.886053 -0.463585
-0.881372 -0.472422
-0.876604 -0.481212
-0.871748 -0.489954
-0.866805 -0.498647
-0.861776 -0.50729
-0.85666 -0.515882
-0.851458 -0.524423
-0.846171 -0.532911
-0.8408 -0.541346
-0.835345 -0.549726
-0.829806 -0.558052
-0.824184 -0.566322
-0.81848 -0.574536
-0.812693 -0.582692
-0.806826 -0.590789
-0.800878 -0.598828
-0.79485 -0.606807
-0.788742 -0.614725
-0.782555 -0.622581
-0.77629 -0.630375
-0.769948 -0.638107
-0.763529 -0.645774
-0.757033 -0.653377
-0.750461 -0.660915
-0.743815 -0.668386
-0.737094 -0.675791
-0.730299 -0.683128
-0.723431 -0.690396
-0.716491 -0.697596
-0.70948 -0.704726
-0.702397 -0.711785
-0.695244 -0.718774
-0.688022 -0.72569
-0.680731 -0.732534
-0.673371 -0.739304
-0.665945 -0.746001
-0.658452 -0.752623
-0.650893 -0.75917
-0.643268 -0.765641
-0.63558 -0.772035
-0.627828 -0.778352
-0.620013 -0.784591
-0.612136 -0.790752
-0.604198 -0.796834
-0.5962 -0.802836
-0.588142 -0.808758
-0.580025 -0.814599
-0.57185 -0.820358
-0.563618 -0.826035
-0.55533 -0.83163
-0.546986 -0.837142
-0.538587 -0.84257
-0.530135 -0.847913
-0.521629 -0.853172
-0.513072 -0.858346
-0.504463 -0.863433
-0.495803 -0.868435
-0.487094 -0.873349
-0.478337 -0.878177
-0.469531 -0.882916
-0.460679 -0.887567
-0.45178 -0.892129
-0.442836 -0.896602
-0.433848 -0.900986
-0.424817 -0.905279
-0.415743 -0.909482
-0.406628 -0.913594
-0.397471 -0.917615
-0.388276 -0.921543
-0.379041 -0.92538
-0.369768 -0.929124
-0.360459 -0.932775
-0.351113 -0.936333
-0.341732 -0.939797
-0.332317 -0.943168
-0.322869 -0.946444
-0.313389 -0.949625
-0.303877 -0.952711
-0.294335 -0.955702
-0.284763 -0.958598
-0.275163 -0.961397
-0.265536 -0.964101
-0.255882 -0.966708
-0.246202 -0.969219
-0.236498 -0.971632
-0.22677 -0.973948
-0.217019 -0.976167
-0.207247 -0.978289
-0.197453 -0.980312
-0.187641 -0.982238
-0.177809 -0.984065
-0.16796 -0.985794
-0.158094 -0.987424
-0.148212 -0.988956
-0.138315 -0.990388
-0.128404 -0.991722
-0.118481 -0.992956
-0.108545 -0.994092
-0.0985991 -0.995127
-0.0886431 -0.996063
-0.0786782 -0.9969
-0.0687054 -0.997637
-0.0587258 -0.998274
-0.0487403 -0.998811
-0.0387499 -0.999249
-0.0287556 -0.999586
-0.0187585 -0.999824
-0.00875948 -0.999962
0.0012404 -0.999999
0.0112402 -0.999937
0.0212388 -0.999774
0.0312353 -0.999512
0.0412287 -0.99915
0.051218 -0.998687
0.0612021 -0.998125
0.0711802 -0.997463
0.0811511 -0.996702
0.0911139 -0.99584
0.101068 -0.99488
0.111011 -0.993819
0.120944 -0.992659
0.130864 -0.9914
0.140771 -0.990042
0.150664 -0.988585
0.160543 -0.987029
0.170405 -0.985374
0.18025 -0.983621
0.190077 -0.981769
0.199885 -0.979819
0.209673 -0.977772
0.21944 -0.975626
0.229185 -0.973383
0.238907 -0.971042
0.248606 -0.968605
0.258279 -0.96607
0.267927 -0.963439
0.277548 -0.960712
0.287141 -0.957888
0.296705 -0.954969
0.30624 -0.951954
0.315744 -0.948844
0.325216 -0.94564
0.334656 -0.94234
0.344063 -0.938947
0.353435 -0.935459
0.362772 -0.931878
0.372072 -0.928204
0.381335 -0.924437
0.390561 -0.920577
0.399747 -0.916626
0.408893 -0.912582
0.417998 -0.908448
0.427061 -0.904223
0.436082 -0.899907
0.445059 -0.895501
0.453992 -0.891006
0.462879 -0.886421
0.47172 -0.881748
0.480514 -0.876987
0.489259 -0.872138
0.497956 -0.867202
0.506603 -0.862179
0.5152 -0.85707
0.523744 -0.851876
0.532237 -0.846596
0.540676 -0.841231
0.549061 -0.835782
0.557391 -0.83025
0.565666 -0.824635
0.573884 -0.818937
0.582044 -0.813157
0.590147 -0.807296
0.59819 -0.801354
0.606173 -0.795333
0.614096 -0.789231
0.621958 -0.783051
0.629757 -0.776792
0.637493 -0.770456
0.645166 -0.764043
0.652774 -0.757553
0.660317 -0.750987
0.667793 -0.744347
0.675203 -0.737632
0.682546 -0.730843
0.68982 -0.723981
0.697025 -0.717047
0.704161 -0.710041
0.711226 -0.702964
0.71822 -0.695816
0.725142 -0.688599
0.731991 -0.681314
0.738768 -0.67396
0.74547 -0.666539
0.752098 -0.659051
0.758651 -0.651497
0.765128 -0.643878
0.771529 -0.636195
0.777852 -0.628448
0.784097 -0.620638
0.790264 -0.612766
0.796352 -0.604833
0.802361 -0.596839
0.808289 -0.588786
0.814136 -0.580674
0.819902 -0.572503
0.825586 -0.564276
0.831188 -0.555992
0.836706 -0.547652
0.842141 -0.539258
0.847491 -0.53081
0.852757 -0.522309
0.857937 -0.513755
0.863031 -0.50515
0.86804 -0.496495
0.872961 -0.48779
0.877795 -0.479036
0.882542 -0.470234
0.8872 -0.461385
0.891769 -0.45249
0.89625 -0.44355
0.90064 -0.434566
0.904941 -0.425538
0.909151 -0.416467
0.91327 -0.407355
0.917298 -0.398202
0.921234 -0.389009
0.925078 -0.379778
0.928829 -0.370508
0.932488 -0.361201
0.936053 -0.351859
0.939525 -0.342481
0.942903 -0.333068
0.946186 -0.323623
0.949375 -0.314145
0.952469 -0.304636
0.955468 -0.295096
0.958371 -0.285527
0.961178 -0.275929
0.963889 -0.266303
0.966504 -0.256651
0.969022 -0.246974
0.971443 -0.237271
0.973768 -0.227545
0.975994 -0.217796
0.978123 -0.208026
0.980155 -0.198234
0.982088 -0.188423
0.983923 -0.178593
0.98566 -0.168745
0.987298 -0.15888
0.988837 -0.148999
0.990278 -0.139103
0.991619 -0.129194
0.992862 -0.119271
0.994005 -0.109337
0.995048 -0.0993915
0.995993 -0.0894363
0.996837 -0.079472
0.997582 -0.0694998
0.998227 -0.0595207
0.998772 -0.0495356
0.999218 -0.0395456
0.999563 -0.0295516
0.999809 -0.0195547
0.999954 -0.00955578
1 0.000444078
0.999945 0.0104439
0.999791 0.0204427
0.999537 0.0304394
0.999182 0.0404331
0.998728 0.0504227
0.998174 0.0604073
0.99752 0.0703858
0.996766 0.0803573
0.995913 0.0903208
0.99496 0.100275
0.993907 0.11022
0.992755 0.120153
0.991504 0.130074
0.990154 0.139983
0.988705 0.149877
0.987156 0.159757
0.98551 0.16962
0.983764 0.179466
0.98192 0.189295
0.979978 0.199105
0.977938 0.208894
0.9758 0.218663
0.973565 0.22841
0.971232 0.238134
0.968802 0.247834
0.966276 0.25751
0.963652 0.267159
0.960933 0.276782
0.958117 0.286378
0.955205 0.295944
0.952198 0.305482
0.949096 0.314988
0.945898 0.324463
0.942606 0.333906
0.93922 0.343315
0.93574 0.35269
0.932167 0.362029
0.9285 0.371333
0.92474 0.380599
0.920888 0.389827
0.916944 0.399017
0.912908 0.408166
0.908781 0.417274
0.904562 0.426341
0.900254 0.435365
0.895855 0.444346
0.891367 0.453282
0.88679 0.462173
0.882124 0.471018
0.87737 0.479815
0.872528 0.488565
0.867598 0.497265
0.862582 0.505916
0.85748 0.514517
0.852292 0.523066
0.847019 0.531562
0.841661 0.540006
0.836219 0.548395
0.830694 0.55673
0.825085 0.565009
0.819394 0.573231
0.81362 0.581397
0.807766 0.589504
0.80183 0.597552
0.795815 0.60554
0.78972 0.613468
0.783546 0.621334
0.777293 0.629138
0.770963 0.63688
0.764556 0.644557
0.758072 0.65217
0.751513 0.659718
0.744878 0.6672
0.738169 0.674616
0.731386 0.681964
0.72453 0.689243
0.717601 0.696454
0.710601 0.703595
0.70353 0.710666
0.696388 0.717665
0.689177 0.724593
0.681896 0.731449
0.674548 0.738231
0.667132 0.744939
0.659649 0.751573
0.652101 0.758132
0.644487 0.764615
0.636809 0.771022
0.629067 0.777351
0.621262 0.783603
0.613395 0.789776
0.605467 0.795871
0.597478 0.801885
0.589429 0.80782
0.581322 0.813674
0.573156 0.819446
0.564933 0.825137
0.556654 0.830745
0.548319 0.83627
0.539929 0.841711
0.531485 0.847068
0.522987 0.85234
0.514438 0.857528
0.505837 0.862629
0.497186 0.867644
0.488485 0.872572
0.479735 0.877414
0.470937 0.882167
0.462092 0.886832
0.4532 0.891409
0.444264 0.895896
0.435283 0.900294
0.426258 0.904602
0.417191 0.908819
0.408082 0.912945
0.398932 0.91698
0.389743 0.920924
0.380514 0.924775
0.371248 0.928534
0.361944 0.9322
0.352604 0.935773
0.343229 0.939252
0.333819 0.942637
0.324376 0.945928
0.314901 0.949125
0.305394 0.952226
0.295857 0.955232
0.28629 0.958143
0.276694 0.960958
0.267071 0.963677
0.257421 0.966299
0.247745 0.968825
0.238045 0.971254
0.22832 0.973586
0.218573 0.975821
0.208804 0.977957
0.199015 0.979997
0.189205 0.981938
0.179376 0.983781
0.16953 0.985525
0.159666 0.987171
0.149786 0.988718
0.139892 0.990167
0.129983 0.991516
0.120062 0.992766
0.110128 0.993917
0.100184 0.994969
0.0902294 0.995921
0.0802658 0.996773
0.0702942 0.997526
0.0603156 0.998179
0.050331 0.998733
0.0403413 0.999186
0.0303476 0.999539
0.0203508 0.999793
0.0103521 0.999946
0.000352248 1
-0.0096476 0.999953
-0.0196465 0.999807
-0.0296434 0.999561
-0.0396374 0.999214
-0.0496274 0.998768
-0.0596124 0.998222
-0.0695915 0.997576
-0.0795636 0.99683
-0.0895277 0.995984
-0.0994829 0.995039
-0.109428 0.993995
-0.119362 0.992851
-0.129285 0.991607
-0.139194 0.990265
-0.14909 0.988824
-0.15897 0.987283
-0.168835 0.985644
-0.178683 0.983907
-0.188513 0.982071
-0.198324 0.980136
-0.208115 0.978104
-0.217886 0.975974
-0.227635 0.973747
-0.23736 0.971422
-0.247063 0.969
-0.25674 0.96648
-0.266392 0.963865
-0.276017 0.961153
-0.285615 0.958345
-0.295184 0.955441
-0.304723 0.952441
-0.314232 0.949346
-0.32371 0.946156
-0.333155 0.942872
-0.342567 0.939493
-0.351945 0.936021
-0.361287 0.932455
-0.370593 0.928795
-0.379863 0.925043
-0.389094 0.921198
-0.398286 0.917261
-0.407439 0.913233
-0.416551 0.909113
-0.425621 0.904902
-0.434648 0.9006
-0.443632 0.896209
-0.452572 0.891728
-0.461467 0.887158
-0.470315 0.882499
-0.479116 0.877751
-0.48787 0.872916
-0.496574 0.867994
-0.505229 0.862985
-0.513834 0.85789
-0.522387 0.852709
-0.530888 0.847442
-0.539335 0.842091
-0.547729 0.836656
-0.556068 0.831137
-0.564352 0.825534
-0.572579 0.81985
-0.580748 0.814083
-0.58886 0.808235
-0.596913 0.802306
-0.604906 0.796297
-0.612839 0.790208
-0.62071 0.78404
-0.628519 0.777794
-0.636265 0.77147
-0.643948 0.765069
-0.651567 0.758591
-0.65912 0.752038
-0.666607 0.745409
-0.674028 0.738706
-0.681381 0.731929
-0.688666 0.725079
-0.695882 0.718156
-0.703029 0.711161
-0.710105 0.704095
-0.717111 0.696959
-0.724044 0.689754
-0.730905 0.682479
-0.737694 0.675136
-0.744408 0.667725
-0.751048 0.660248
-0.757613 0.652704
-0.764102 0.645096
-0.770514 0.637423
-0.77685 0.629686
-0.783108 0.621886
-0.789287 0.614024
-0.795388 0.6061
-0.801409 0.598116
-0.80735 0.590072
-0.813211 0.58197
-0.818989 0.573809
-0.824687 0.56559
-0.830301 0.557315
-0.835833 0.548984
-0.841281 0.540599
-0.846644 0.532159
-0.851924 0.523666
-0.857118 0.515121
-0.862226 0.506524
-0.867248 0.497877
-0.872183 0.489179
-0.877031 0.480433
-0.881792 0.471639
-0.886464 0.462798
-0.891048 0.45391
-0.895542 0.444977
-0.899947 0.435999
-0.904262 0.426978
-0.908486 0.417915
-0.91262 0.408809
-0.916662 0.399662
-0.920613 0.390476
-0.924472 0.38125
-0.928238 0.371987
-0.931911 0.362686
-0.935492 0.353349
-0.938978 0.343977
-0.942371 0.33457
-0.94567 0.325129
-0.948873 0.315657
-0.951983 0.306152
-0.954996 0.296617
-0.957915 0.287053
-0.960737 0.277459
-0.963464 0.267838
-0.966094 0.25819
-0.968628 0.248517
-0.971064 0.238818
-0.973404 0.229096
-0.975646 0.21935
-0.977791 0.209583
-0.979838 0.199795
-0.981787 0.189987
-0.983637 0.180159
-0.98539 0.170314
-0.987044 0.160452
-0.988599 0.150574
-0.990055 0.14068
-0.991412 0.130773
-0.99267 0.120852
-0.993829 0.11092
-0.994889 0.100976
-0.995849 0.0910224
-0.996709 0.0810595
-0.99747 0.0710886
-0.998131 0.0611105
-0.998692 0.0511263
-0.999154 0.041137
-0.999515 0.0311435
-0.999776 0.021147
-0.999938 0.0111483
-0.999999 0.00114857
-0.999961 -0.00885131
-0.999822 -0.0188503
-0.999584 -0.0288474
-0.999245 -0.0388417
-0.998807 -0.048832
-0.998269 -0.0588175
-0.997631 -0.068797
-0.996893 -0.0787697
-0.996055 -0.0887346
-0.995118 -0.0986905
-0.994082 -0.108637
-0.992945 -0.118572
-0.99171 -0.128495
-0.990376 -0.138406
-0.988942 -0.148302
-0.98741 -0.158184
-0.985778 -0.16805
-0.984049 -0.177899
-0.982221 -0.187731
-0.980294 -0.197544
-0.97827 -0.207336
-0.976147 -0.217109
-0.973928 -0.226859
-0.97161 -0.236587
-0.969196 -0.246291
-0.966685 -0.25597
-0.964077 -0.265624
-0.961372 -0.275252
-0.958572 -0.284851
-0.955675 -0.294423
-0.952683 -0.303965
-0.949596 -0.313476
-0.946414 -0.322956
-0.943137 -0.332404
-0.939766 -0.341819
-0.936301 -0.351199
-0.932742 -0.360544
-0.92909 -0.369854
-0.925345 -0.379126
-0.921508 -0.38836
-0.917578 -0.397556
-0.913557 -0.406711
-0.909444 -0.415827
-0.90524 -0.4249
-0.900946 -0.433931
-0.896562 -0.442919
-0.892088 -0.451862
-0.887525 -0.46076
-0.882873 -0.469612
-0.878133 -0.478417
-0.873305 -0.487175
-0.868389 -0.495883
-0.863387 -0.504542
-0.858299 -0.513151
-0.853124 -0.521708
-0.847865 -0.530213
-0.84252 -0.538665
-0.837092 -0.547063
-0.831579 -0.555406
-0.825984 -0.563694
-0.820305 -0.571926
-0.814545 -0.5801
-0.808704 -0.588216
-0.802781 -0.596274
-0.796778 -0.604272
-0.790696 -0.612209
-0.784534 -0.620085
-0.778294 -0.6279
-0.771977 -0.635651
-0.765582 -0.643339
-0.75911 -0.650962
-0.752563 -0.658521
-0.74594 -0.666013
-0.739243 -0.673439
-0.732471 -0.680798
-0.725627 -0.688088
-0.71871 -0.69531
-0.711721 -0.702462
-0.704661 -0.709544
-0.69753 -0.716555
-0.69033 -0.723495
-0.683061 -0.730362
-0.675723 -0.737156
-0.668318 -0.743876
-0.660846 -0.750522
-0.653307 -0.757093
-0.645704 -0.763588
-0.638036 -0.770007
-0.630304 -0.776348
-0.622509 -0.782612
-0.614652 -0.788798
-0.606734 -0.794905
-0.598754 -0.800933
-0.590715 -0.80688
-0.582617 -0.812747
-0.574461 -0.818532
-0.566247 -0.824236
-0.557976 -0.829857
-0.54965 -0.835395
-0.541268 -0.84085
-0.532833 -0.84622
-0.524344 -0.851506
-0.515803 -0.856707
-0.50721 -0.861822
-0.498567 -0.866851
-0.489874 -0.871793
-0.481131 -0.876648
-0.472341 -0.881416
-0.463503 -0.886095
-0.454619 -0.890686
-0.44569 -0.895187
-0.436716 -0.899599
-0.427698 -0.903922
-0.418638 -0.908153
-0.409536 -0.912294
-0.400392 -0.916344
-0.391209 -0.920302
-0.381987 -0.924168
-0.372726 -0.927941
-0.363428 -0.931622
-0.354094 -0.93521
-0.344724 -0.938704
-0.33532 -0.942104
-0.325882 -0.94541
-0.316412 -0.948622
-0.30691 -0.951738
-0.297378 -0.95476
-0.287815 -0.957686
-0.278224 -0.960516
-0.268605 -0.96325
-0.25896 -0.965888
-0.249288 -0.968429
-0.239591 -0.970874
-0.229871 -0.973221
-0.220127 -0.975471
-0.210362 -0.977624
-0.200575 -0.979678
-0.190768 -0.981635
-0.180943 -0.983494
-0.171099 -0.985254
-0.161238 -0.986916
-0.151361 -0.988479
-0.141469 -0.989943
-0.131562 -0.991308
-0.121643 -0.992574
-0.111711 -0.993741
-0.101768 -0.994808
-0.0918154 -0.995776
-0.0818532 -0.996644
-0.0718829 -0.997413
-0.0619053 -0.998082
-0.0519215 -0.998651
-0.0419326 -0.99912
-0.0319395 -0.99949
-0.0219431 -0.999759
-0.0119446 -0.999929
-0.0019449 -0.999998
0.00805501 -0.999968
0.0180541 -0.999837
0.0280514 -0.999606
0.0380459 -0.999276
0.0480366 -0.998846
0.0580225 -0.998315
0.0680026 -0.997685
0.0779759 -0.996955
0.0879414 -0.996126
0.097898 -0.995196
0.107845 -0.994168
0.117781 -0.99304
0.127705 -0.991812
0.137617 -0.990486
0.147515 -0.98906
0.157398 -0.987535
0.167265 -0.985912
0.177116 -0.98419
0.186949 -0.98237
0.196763 -0.980451
0.206557 -0.978434
0.216331 -0.97632
0.226083 -0.974108
0.235813 -0.971798
0.245519 -0.969392
0.255201 -0.966888
0.264856 -0.964288
0.274486 -0.961591
0.284088 -0.958798
0.293662 -0.955909
0.303206 -0.952925
0.31272 -0.949845
0.322202 -0.946671
0.331653 -0.943401
0.34107 -0.940038
0.350453 -0.93658
0.359801 -0.933029
0.369114 -0.929384
0.378389 -0.925647
0.387626 -0.921817
0.396825 -0.917894
0.405984 -0.91388
0.415102 -0.909775
0.424179 -0.905578
0.433213 -0.901291
0.442205 -0.896914
0.451151 -0.892447
0.460053 -0.887891
0.468909 -0.883247
0.477718 -0.878513
0.486479 -0.873692
0.495191 -0.868784
0.503854 -0.863789
0.512467 -0.858707
0.521028 -0.853539
0.529537 -0.848287
0.537994 -0.842949
0.546396 -0.837527
0.554744 -0.832021
0.563036 -0.826432
0.571272 -0.820761
0.579451 -0.815007
0.587572 -0.809172
0.595634 -0.803256
0.603637 -0.797259
0.611579 -0.791183
0.61946 -0.785028
0.62728 -0.778794
0.635036 -0.772483
0.642729 -0.766094
0.650358 -0.759628
0.657921 -0.753087
0.665419 -0.74647
0.67285 -0.739779
0.680214 -0.733013
0.68751 -0.726175
0.694738 -0.719263
0.701895 -0.71228
0.708983 -0.705226
0.716 -0.698101
0.722945 -0.690906
0.729818 -0.683642
0.736617 -0.67631
0.743344 -0.66891
0.749995 -0.661443
0.756572 -0.65391
0.763073 -0.646312
0.769498 -0.638649
0.775846 -0.630922
0.782116 -0.623132
0.788309 -0.61528
0.794422 -0.607366
0.800456 -0.599392
0.806409 -0.591358
0.812283 -0.583264
0.818075 -0.575112
0.823785 -0.566903
0.829412 -0.558637
0.834957 -0.550315
0.840419 -0.541938
0.845796 -0.533507
0.851089 -0.525022
0.856296 -0.516485
0.861418 -0.507897
0.866454 -0.499257
0.871403 -0.490568
0.876265 -0.481829
0.881039 -0.473043
0.885726 -0.464209
0.890323 -0.455329
0.894832 -0.446403
0.899251 -0.437432
0.903581 -0.428418
0.90782 -0.419361
0.911968 -0.410262
0.916025 -0.401122
0.91999 -0.391942
0.923863 -0.382722
0.927644 -0.373465
0.931333 -0.36417
0.934928 -0.354838
0.938429 -0.345472
0.941837 -0.33607
0.945151 -0.326635
0.94837 -0.317167
0.951494 -0.307668
0.954523 -0.298138
0.957456 -0.288578
0.960294 -0.278989
0.963036 -0.269372
0.965682 -0.259729
0.968231 -0.250059
0.970683 -0.240364
0.973038 -0.230646
0.975296 -0.220904
0.977456 -0.21114
0.979518 -0.201355
0.981483 -0.19155
0.983349 -0.181726
0.985117 -0.171883
0.986787 -0.162024
0.988358 -0.152148
0.98983 -0.142257
0.991203 -0.132352
0.992477 -0.122433
0.993651 -0.112503
0.994727 -0.102561
0.995703 -0.0926083
0.996579 -0.0826469
0.997356 -0.0726771
0.998032 -0.0627001
0.99861 -0.0527168
0.999087 -0.0427282
0.999464 -0.0327354
0.999741 -0.0227393
0.999919 -0.0127409
0.999996 -0.00274123
0.999974 0.00725871
0.999851 0.0172579
0.999629 0.0272554
0.999306 0.0372502
0.998884 0.0472412
0.998361 0.0572275
0.997739 0.0672081
0.997017 0.0771819
0.996195 0.0871481
0.995274 0.0971055
0.994253 0.107053
0.993133 0.11699
0.991914 0.126916
0.990595 0.136828
0.989177 0.146727
0.98766 0.156611
0.986045 0.16648
0.984331 0.176332
0.982518 0.186166
0.980607 0.195982
0.978599 0.205778
0.976492 0.215554
0.974288 0.225308
0.971986 0.235039
0.969587 0.244747
0.967091 0.25443
0.964498 0.264089
0.961809 0.27372
0.959024 0.283324
0.956143 0.2929
0.953166 0.302447
0.950094 0.311963
0.946927 0.321448
0.943665 0.330902
0.940309 0.340321
0.936859 0.349707
0.933315 0.359058
0.929678 0.368373
0.925948 0.377652
0.922125 0.386892
0.91821 0.396094
0.914203 0.405256
0.910105 0.414378
0.905916 0.423458
0.901636 0.432496
0.897266 0.44149
0.892806 0.450441
0.888257 0.459346
0.88362 0.468205
0.878893 0.477018
0.874079 0.485783
0.869178 0.494499
0.86419 0.503166
0.859115 0.511783
0.853954 0.520348
0.848708 0.528862
0.843377 0.537322
0.837962 0.545729
0.832463 0.554081
0.82688 0.562378
0.821215 0.570618
0.815468 0.578802
0.809639 0.586928
0.80373 0.594994
0.79774 0.603002
0.79167 0.610949
0.785521 0.618835
0.779293 0.626659
0.772988 0.634421
0.766605 0.642119
0.760146 0.649752
0.75361 0.657321
0.747 0.664824
0.740314 0.672261
0.733555 0.67963
0.726722 0.686932
0.719816 0.694165
0.712839 0.701328
0.70579 0.708421
0.698671 0.715444
0.691481 0.722394
0.684223 0.729273
0.676896 0.736079
0.669502 0.742811
0.66204 0.749468
0.654512 0.756051
0.646919 0.762558
0.639262 0.768989
0.63154 0.775343
0.623755 0.78162
0.615908 0.787818
0.607999 0.793938
0.600029 0.799978
0.592 0.805938
0.583911 0.811818
0.575763 0.817616
0.567559 0.823333
0.559297 0.828967
0.55098 0.834519
0.542607 0.839987
0.53418 0.845371
0.5257 0.85067
0.517167 0.855885
0.508582 0.861013
0.499947 0.866056
0.491262 0.871012
0.482527 0.875881
0.473744 0.880662
0.464914 0.885356
0.456037 0.889961
0.447115 0.894476
0.438148 0.898903
0.429137 0.903239
0.420084 0.907485
0.410988 0.911641
0.401851 0.915705
0.392674 0.919678
0.383458 0.923558
0.374203 0.927347
0.364911 0.931042
0.355583 0.934645
0.346219 0.938154
0.33682 0.941569
0.327388 0.94489
0.317923 0.948117
0.308426 0.951248
0.298898 0.954285
0.28934 0.957226
0.279754 0.960072
0.270139 0.962821
0.260498 0.965474
0.25083 0.968031
0.241137 0.970491
0.23142 0.972854
0.221681 0.975119
0.211918 0.977287
0.202135 0.979358
0.192332 0.98133
0.182509 0.983204
0.172668 0.98498
0.16281 0.986658
0.152935 0.988236
0.143045 0.989716
0.133141 0.991097
0.123224 0.992379
0.113294 0.993562
0.103353 0.994645
0.0934012 0.995629
0.0834404 0.996513
0.0734713 0.997297
0.0634948 0.997982
0.053512 0.998567
0.0435238 0.999052
0.0335313 0.999438
0.0235354 0.999723
0.0135371 0.999908
0.00353755 0.999994
-0.0064624 0.999979
-0.0164617 0.999864
-0.0264594 0.99965
-0.0364544 0.999335
-0.0464457 0.998921
-0.0564324 0.998406
-0.0664135 0.997792
-0.076388 0.997078
-0.0863548 0.996264
-0.0963129 0.995351
-0.106261 0.994338
-0.116199 0.993226
-0.126126 0.992014
-0.136039 0.990703
-0.145939 0.989294
-0.155825 0.987785
-0.165695 0.986177
-0.175548 0.984471
-0.185384 0.982666
-0.195201 0.980763
-0.204999 0.978762
-0.214776 0.976663
-0.224532 0.974467
-0.234265 0.972173
-0.243975 0.969782
-0.25366 0.967293
-0.26332 0.964708
-0.272954 0.962027
-0.282561 0.959249
-0.292139 0.956376
-0.301688 0.953407
-0.311207 0.950342
-0.320694 0.947183
-0.33015 0.943928
-0.339573 0.94058
-0.348961 0.937137
-0.358315 0.933601
-0.367633 0.929971
-0.376914 0.926248
-0.386158 0.922433
-0.395362 0.918525
-0.404528 0.914526
-0.413653 0.910435
-0.422736 0.906253
-0.431777 0.90198
-0.440776 0.897617
-0.449729 0.893165
-0.458638 0.888623
-0.467502 0.883992
-0.476318 0.879273
-0.485087 0.874466
-0.493807 0.869571
-0.502478 0.86459
-0.511099 0.859522
-0.519668 0.854368
-0.528186 0.849129
-0.53665 0.843805
-0.545061 0.838396
-0.553418 0.832904
-0.561719 0.827328
-0.569964 0.821669
-0.578152 0.815929
-0.586283 0.810107
-0.594354 0.804203
-0.602366 0.79822
-0.610318 0.792156
-0.618209 0.786014
-0.626038 0.779792
-0.633805 0.773493
-0.641508 0.767116
-0.649147 0.760663
-0.656721 0.754134
-0.664229 0.747529
-0.671671 0.740849
-0.679046 0.734096
-0.686353 0.727269
-0.693591 0.720369
-0.70076 0.713397
-0.707859 0.706354
-0.714887 0.69924
-0.721844 0.692056
-0.728728 0.684803
-0.735539 0.677482
-0.742277 0.670093
-0.748941 0.662637
-0.75553 0.655114
-0.762043 0.647526
-0.76848 0.639874
-0.77484 0.632157
-0.781123 0.624377
-0.787328 0.616535
-0.793454 0.608631
-0.7995 0.600666
-0.805467 0.592641
-0.811353 0.584557
-0.817158 0.576414
-0.822881 0.568214
-0.828522 0.559957
-0.83408 0.551644
-0.839554 0.543276
-0.844945 0.534853
-0.850251 0.526377
-0.855472 0.517848
-0.860608 0.509268
-0.865658 0.500636
-0.870621 0.491955
-0.875497 0.483224
-0.880285 0.474445
-0.884985 0.465619
-0.889597 0.456746
-0.89412 0.447827
-0.898554 0.438864
-0.902897 0.429857
-0.907151 0.420806
-0.911313 0.411714
-0.915385 0.40258
-0.919365 0.393406
-0.923253 0.384193
-0.927048 0.374942
-0.930751 0.365653
-0.934361 0.356327
-0.937878 0.346966
-0.941301 0.33757
-0.944629 0.32814
-0.947863 0.318677
-0.951003 0.309183
-0.954047 0.299658
-0.956996 0.290102
-0.959849 0.280518
-0.962606 0.270906
-0.965267 0.261266
-0.967831 0.251601
-0.970299 0.24191
-0.972669 0.232195
-0.974943 0.222457
-0.977118 0.212697
-0.979196 0.202915
-0.981177 0.193113
-0.983059 0.183292
-0.984842 0.173452
-0.986528 0.163595
-0.988114 0.153722
-0.989602 0.143833
-0.990991 0.13393
-0.99228 0.124014
-0.993471 0.114085
-0.994562 0.104145
-0.995554 0.094194
-0.996446 0.084234
-0.997239 0.0742654
-0.997931 0.0642895
-0.998524 0.0543072
-0.999017 0.0443194
-0.999411 0.0343271
-0.999704 0.0243315
-0.999897 0.0143334
-0.999991 0.00433387
-0.999984 -0.00566609
-0.999877 -0.0156655
-0.999671 -0.0256633
-0.999364 -0.0356586
-0.998957 -0.0456502
-0.998451 -0.0556374
-0.997845 -0.0656189
-0.997139 -0.0755939
-0.996333 -0.0855614
-0.995427 -0.0955203
-0.994423 -0.10547
-0.993318 -0.115408
-0.992114 -0.125336
-0.990811 -0.13525
-0.989409 -0.145152
-0.987908 -0.155038
-0.986309 -0.164909
-0.98461 -0.174764
-0.982814 -0.184601
-0.980918 -0.19442
-0.978925 -0.204219
-0.976834 -0.213998
-0.974645 -0.223756
-0.972359 -0.233491
-0.969976 -0.243202
-0.967495 -0.25289
-0.964918 -0.262552
-0.962244 -0.272188
-0.959474 -0.281797
-0.956608 -0.291377
-0.953647 -0.300928
-0.95059 -0.31045
-0.947438 -0.31994
-0.944191 -0.329398
-0.94085 -0.338823
-0.937415 -0.348215
-0.933886 -0.357571
-0.930263 -0.366892
-0.926548 -0.376176
-0.92274 -0.385423
-0.91884 -0.394631
-0.914848 -0.403799
-0.910764 -0.412928
-0.906589 -0.422014
-0.902324 -0.431059
-0.897968 -0.440061
-0.893523 -0.449018
-0.888988 -0.457931
-0.884364 -0.466798
-0.879652 -0.475618
-0.874852 -0.48439
-0.869964 -0.493114
-0.86499 -0.501789
-0.859929 -0.510414
-0.854782 -0.518988
-0.849549 -0.527509
-0.844232 -0.535978
-0.83883 -0.544394
-0.833344 -0.552755
-0.827775 -0.56106
-0.822123 -0.56931
-0.816389 -0.577502
-0.810573 -0.585637
-0.804676 -0.593714
-0.798699 -0.601731
-0.792642 -0.609687
-0.786506 -0.617583
-0.780291 -0.625417
-0.773997 -0.633189
-0.767627 -0.640897
-0.76118 -0.648541
-0.754656 -0.65612
-0.748058 -0.663634
-0.741384 -0.671081
-0.734636 -0.678461
-0.727815 -0.685774
-0.720921 -0.693017
-0.713955 -0.700192
-0.706917 -0.707296
-0.699809 -0.71433
-0.692631 -0.721292
-0.685383 -0.728182
-0.678068 -0.735
-0.670684 -0.741743
-0.663233 -0.748413
-0.655716 -0.755008
-0.648133 -0.761527
-0.640485 -0.76797
-0.632774 -0.774337
-0.624999 -0.780626
-0.617162 -0.786836
-0.609263 -0.792969
-0.601302 -0.799021
-0.593282 -0.804994
-0.585203 -0.810887
-0.577065 -0.816698
-0.568869 -0.822428
-0.560617 -0.828076
-0.552308 -0.83364
-0.543944 -0.839121
-0.535526 -0.844519
-0.527054 -0.849832
-0.518529 -0.85506
-0.509953 -0.860202
-0.501326 -0.865259
-0.492648 -0.870229
-0.483921 -0.875111
-0.475146 -0.879907
-0.466324 -0.884614
-0.457454 -0.889233
-0.448539 -0.893763
-0.439579 -0.898204
-0.430575 -0.902555
-0.421528 -0.906815
-0.412439 -0.910985
-0.403309 -0.915064
-0.394138 -0.919051
-0.384928 -0.922946
-0.37568 -0.92675
-0.366394 -0.93046
-0.357071 -0.934077
-0.347712 -0.937601
-0.338319 -0.941031
-0.328892 -0.944367
-0.319432 -0.947609
-0.30994 -0.950756
-0.300417 -0.953808
-0.290864 -0.956764
-0.281282 -0.959625
-0.271672 -0.96239
-0.262035 -0.965058
-0.252371 -0.96763
-0.242683 -0.970106
-0.23297 -0.972484
-0.223233 -0.974765
-0.213475 -0.976949
-0.203695 -0.979034
-0.193894 -0.981022
-0.184075 -0.982912
-0.174236 -0.984704
-0.164381 -0.986397
-0.154509 -0.987991
-0.144621 -0.989487
-0.134719 -0.990884
-0.124804 -0.992181
-0.114876 -0.99338
-0.104937 -0.994479
-0.0949868 -0.995479
-0.0850274 -0.996379
-0.0750595 -0.997179
-0.0650842 -0.99788
-0.0551023 -0.998481
-0.0451149 -0.998982
-0.035123 -0.999383
-0.0251276 -0.999684
-0.0151296 -0.999886
-0.00513019 -0.999987
0.00486977 -0.999988
0.0148692 -0.999889
0.0248672 -0.999691
0.0348627 -0.999392
0.0448547 -0.998994
0.0548423 -0.998495
0.0648243 -0.997897
0.0747999 -0.997199
0.0847679 -0.996401
0.0947275 -0.995503
0.104678 -0.994506
0.114617 -0.99341
0.124546 -0.992214
0.134461 -0.990919
0.144364 -0.989525
0.154251 -0.988032
0.164124 -0.98644
0.17398 -0.984749
0.183819 -0.98296
0.193639 -0.981073
0.20344 -0.979087
0.21322 -0.977004
0.222979 -0.974823
0.232716 -0.972545
0.24243 -0.970169
0.252119 -0.967696
0.261784 -0.965127
0.271422 -0.962461
0.281032 -0.959698
0.290615 -0.95684
0.300169 -0.953886
0.309693 -0.950837
0.319185 -0.947692
0.328646 -0.944453
0.338074 -0.941119
0.347468 -0.937692
0.356828 -0.93417
0.366151 -0.930555
0.375438 -0.926847
0.384688 -0.923047
0.393899 -0.919154
0.403071 -0.915169
0.412202 -0.911092
0.421292 -0.906925
0.43034 -0.902667
0.439345 -0.898318
0.448306 -0.89388
0.457223 -0.889352
0.466093 -0.884736
0.474917 -0.880031
0.483693 -0.875237
0.492422 -0.870357
0.5011 -0.865389
0.509729 -0.860335
0.518307 -0.855195
0.526833 -0.849969
0.535306 -0.844658
0.543726 -0.839263
0.552091 -0.833784
0.560401 -0.828221
0.568655 -0.822576
0.576852 -0.816849
0.584992 -0.811039
0.593073 -0.805149
0.601094 -0.799178
0.609056 -0.793127
0.616957 -0.786997
0.624796 -0.780788
0.632572 -0.774501
0.640285 -0.768137
0.647935 -0.761696
0.655519 -0.755179
0.663038 -0.748586
0.670491 -0.741918
0.677876 -0.735176
0.685194 -0.728361
0.692443 -0.721473
0.699623 -0.714512
0.706733 -0.70748
0.713772 -0.700378
0.72074 -0.693205
0.727636 -0.685963
0.734459 -0.678653
0.741209 -0.671274
0.747885 -0.663829
0.754485 -0.656317
0.761011 -0.648739
0.76746 -0.641097
0.773833 -0.63339
0.780128 -0.62562
0.786345 -0.617788
0.792483 -0.609894
0.798542 -0.601939
0.804522 -0.593923
0.810421 -0.585848
0.816239 -0.577715
0.821975 -0.569524
0.827629 -0.561276
0.8332 -0.552972
0.838688 -0.544612
0.844092 -0.536198
0.849412 -0.527731
0.854647 -0.51921
0.859796 -0.510638
0.864859 -0.502015
0.869836 -0.493341
0.874726 -0.484618
0.879528 -0.475847
0.884243 -0.467028
0.888869 -0.458162
0.893406 -0.449251
0.897853 -0.440294
0.902211 -0.431294
0.906479 -0.42225
0.910656 -0.413165
0.914742 -0.404038
0.918737 -0.39487
0.92264 -0.385663
0.92645 -0.376418
0.930168 -0.367135
0.933793 -0.357815
0.937324 -0.348459
0.940762 -0.339068
0.944105 -0.329644
0.947354 -0.320187
0.950509 -0.310697
0.953568 -0.301177
0.956532 -0.291626
0.959401 -0.282046
0.962173 -0.272439
0.964849 -0.262803
0.967429 -0.253142
0.969912 -0.243455
0.972298 -0.233744
0.974587 -0.224009
0.976778 -0.214253
0.978872 -0.204474
0.980868 -0.194675
0.982765 -0.184857
0.984565 -0.17502
0.986266 -0.165166
0.987868 -0.155295
0.989372 -0.145409
0.990776 -0.135508
0.992082 -0.125594
0.993288 -0.115667
0.994395 -0.105729
0.995403 -0.0957795
0.996311 -0.0858208
0.997119 -0.0758536
0.997828 -0.0658788
0.998437 -0.0558974
0.998946 -0.0459104
0.999355 -0.0359188
0.999664 -0.0259236
0.999873 -0.0159259
0.999982 -0.0059265
0.999992 0.00407345
0.999901 0.014073
0.99971 0.0240711
0.99942 0.0340669
0.999029 0.0440592
0.998538 0.0540471
0.997948 0.0640296
0.997258 0.0740057
0.996468 0.0839745
0.995578 0.0939348
0.994589 0.103886
0.993501 0.113826
0.992313 0.123755
0.991026 0.133672
0.989639 0.143576
0.988154 0.153465
0.98657 0.163338
0.984887 0.173196
0.983106 0.183036
0.981227 0.192857
0.979249 0.20266
0.977174 0.212442
0.975 0.222203
0.97273 0.231942
0.970362 0.241657
0.967897 0.251349
0.965335 0.261015
0.962676 0.270655
0.959922 0.280268
0.957071 0.289853
0.954125 0.299409
0.951083 0.308935
0.947946 0.318431
0.944715 0.327894
0.941388 0.337325
0.937968 0.346721
0.934454 0.356084
0.930847 0.36541
0.927146 0.3747
0.923353 0.383953
0.919467 0.393167
0.915489 0.402342
0.91142 0.411476
0.90726 0.42057
0.903009 0.429621
0.898668 0.43863
0.894237 0.447594
0.889716 0.456514
0.885107 0.465388
0.880408 0.474216
0.875622 0.482996
0.870749 0.491728
0.865788 0.500411
0.860741 0.509044
0.855607 0.517626
0.850388 0.526156
0.845084 0.534633
0.839696 0.543057
0.834223 0.551427
0.828667 0.559741
0.823029 0.568
0.817308 0.576202
0.811505 0.584346
0.805621 0.592431
0.799656 0.600458
0.793612 0.608424
0.787488 0.61633
0.781286 0.624174
0.775005 0.631955
0.768647 0.639674
0.762212 0.647328
0.7557 0.654918
0.749114 0.662442
0.742452 0.6699
0.735716 0.67729
0.728906 0.684614
0.722024 0.691868
0.715069 0.699054
0.708043 0.706169
0.700946 0.713214
0.693779 0.720188
0.686542 0.72709
0.679237 0.733919
0.671864 0.740674
0.664424 0.747356
0.656917 0.753963
0.649345 0.760494
0.641708 0.766949
0.634006 0.773328
0.626241 0.779629
0.618414 0.785853
0.610525 0.791997
0.602574 0.798063
0.594564 0.804049
0.586494 0.809954
0.578365 0.815778
0.570178 0.821521
0.561935 0.827182
0.553635 0.832759
0.54528 0.838254
0.53687 0.843665
0.528407 0.848991
0.519891 0.854233
0.511322 0.859389
0.502703 0.864459
0.494034 0.869443
0.485315 0.87434
0.476547 0.879149
0.467732 0.88387
0.45887 0.888503
0.449962 0.893048
0.441009 0.897503
0.432012 0.901868
0.422972 0.906143
0.41389 0.910327
0.404766 0.91442
0.395602 0.918422
0.386398 0.922332
0.377155 0.92615
0.367875 0.929875
0.358558 0.933507
0.349205 0.937046
0.339818 0.940491
0.330396 0.943842
0.320941 0.947099
0.311454 0.950261
0.301936 0.953328
0.292388 0.9563
0.28281 0.959176
0.273205 0.961956
0.263572 0.96464
0.253912 0.967227
0.244227 0.969718
0.234518 0.972112
0.224785 0.974408
0.21503 0.976607
0.205254 0.978709
0.195456 0.980712
0.18564 0.982618
0.175804 0.984425
0.165952 0.986134
0.156082 0.987744
0.146197 0.989255
0.136297 0.990668
0.126384 0.991981
0.116458 0.993196
0.10652 0.994311
0.0965721 0.995326
0.0866142 0.996242
0.0766476 0.997058
0.0666734 0.997775
0.0566925 0.998392
0.0467059 0.998909
0.0367146 0.999326
0.0267197 0.999643
0.0167221 0.99986
0.00672281 0.999977
-0.00327713 0.999995
-0.0132767 0.999912
-0.023275 0.999729
-0.033271 0.999446
-0.0432636 0.999064
-0.0532519 0.998581
-0.0632349 0.997999
-0.0732116 0.997316
-0.0831809 0.996534
-0.0931419 0.995653
-0.103094 0.994672
-0.113035 0.993591
-0.122965 0.992411
-0.132883 0.991132
-0.142787 0.989753
-0.152678 0.988276
-0.162553 0.9867
-0.172411 0.985025
-0.182253 0.983252
-0.192076 0.98138
-0.20188 0.97941
-0.211664 0.977343
-0.221427 0.975177
-0.231167 0.972914
-0.240885 0.970554
-0.250578 0.968096
-0.260246 0.965542
-0.269888 0.962892
-0.279504 0.960145
-0.289091 0.957302
-0.298649 0.954363
-0.308178 0.951329
-0.317676 0.948199
-0.327142 0.944975
-0.336575 0.941657
-0.345974 0.938244
-0.355339 0.934737
-0.364669 0.931137
-0.373962 0.927444
-0.383217 0.923658
-0.392435 0.91978
-0.401613 0.91581
-0.410751 0.911748
-0.419847 0.907595
-0.428902 0.903351
-0.437914 0.899017
-0.446882 0.894593
-0.455806 0.890079
-0.464683 0.885477
-0.473515 0.880786
-0.482299 0.876007
-0.491035 0.87114
-0.499721 0.866186
-0.508358 0.861146
-0.516944 0.856019
-0.525478 0.850807
-0.53396 0.84551
-0.542388 0.840128
-0.550762 0.834662
-0.559081 0.829113
-0.567344 0.823481
-0.57555 0.817766
-0.583699 0.81197
-0.59179 0.806092
-0.599821 0.800134
-0.607792 0.794096
-0.615702 0.787979
-0.623551 0.781782
-0.631338 0.775508
-0.639061 0.769156
-0.646721 0.762727
-0.654316 0.756222
-0.661845 0.749641
-0.669308 0.742985
-0.676704 0.736255
-0.684033 0.729451
-0.691293 0.722574
-0.698484 0.715625
-0.705605 0.708605
-0.712656 0.701514
-0.719635 0.694352
-0.726543 0.687121
-0.733378 0.679821
-0.740139 0.672454
-0.746826 0.665019
-0.753439 0.657518
-0.759977 0.64995
-0.766438 0.642318
-0.772823 0.634622
-0.77913 0.626862
-0.78536 0.61904
-0.791511 0.611155
-0.797583 0.60321
-0.803575 0.595204
-0.809487 0.587138
-0.815317 0.579014
-0.821067 0.570832
-0.826734 0.562593
-0.832318 0.554298
-0.83782 0.545947
-0.843237 0.537542
-0.84857 0.529083
-0.853819 0.520571
-0.858982 0.512007
-0.864059 0.503391
-0.869049 0.494726
-0.873953 0.486011
-0.878769 0.477247
-0.883498 0.468436
-0.888138 0.459577
-0.892689 0.450673
-0.897151 0.441724
-0.901523 0.43273
-0.905806 0.423694
-0.909997 0.414615
-0.914098 0.405494
-0.918107 0.396333
-0.922024 0.387132
-0.925849 0.377893
-0.929582 0.368615
-0.933222 0.359301
-0.936768 0.349951
-0.94022 0.340566
-0.943579 0.331147
-0.946843 0.321695
-0.950013 0.312211
-0.953087 0.302695
-0.956067 0.293149
-0.95895 0.283574
-0.961738 0.273971
-0.96443 0.26434
-0.967025 0.254682
-0.969523 0.245
-0.971925 0.235292
-0.974229 0.225561
-0.976436 0.215808
-0.978545 0.206033
-0.980556 0.196237
-0.98247 0.186422
-0.984285 0.176588
-0.986001 0.166737
-0.987619 0.156869
-0.989139 0.146985
-0.990559 0.137086
-0.99188 0.127174
-0.993103 0.117249
-0.994225 0.107312
-0.995249 0.0973647
-0.996173 0.0874075
-0.996997 0.0774416
-0.997721 0.0674679
-0.998346 0.0574875
-0.998871 0.0475013
-0.999296 0.0375104
-0.999621 0.0275157
-0.999847 0.0175183
-0.999972 0.00751912
-0.999997 -0.00248081
-0.999922 -0.0124805
-0.999747 -0.0224789
-0.999473 -0.0324751
-0.999098 -0.042468
-0.998623 -0.0524567
-0.998049 -0.0624402
-0.997374 -0.0724174
-0.9966 -0.0823873
-0.995727 -0.092349
-0.994753 -0.102302
-0.993681 -0.112244
-0.992509 -0.122175
-0.991237 -0.132094
-0.989867 -0.141999
-0.988397 -0.151891
-0.986829 -0.161767
-0.985162 -0.171627
-0.983397 -0.18147
-0.981533 -0.191294
-0.979571 -0.2011
-0.977511 -0.210886
-0.975353 -0.22065
-0.973098 -0.230392
-0.970745 -0.240112
-0.968296 -0.249807
-0.965749 -0.259477
-0.963106 -0.269122
-0.960367 -0.278739
-0.957532 -0.288329
-0.9546 -0.297889
-0.951574 -0.30742
-0.948452 -0.31692
-0.945236 -0.326389
-0.941924 -0.335825
-0.938519 -0.345227
-0.93502 -0.354595
-0.931427 -0.363927
-0.927742 -0.373223
-0.923963 -0.382482
-0.920092 -0.391702
-0.916129 -0.400883
-0.912075 -0.410024
-0.907929 -0.419124
-0.903692 -0.428183
-0.899365 -0.437198
-0.894948 -0.44617
-0.890442 -0.455097
-0.885847 -0.463978
-0.881163 -0.472813
-0.87639 -0.481601
-0.871531 -0.490341
-0.866584 -0.499032
-0.86155 -0.507672
-0.856431 -0.516262
-0.851225 -0.524801
-0.845935 -0.533286
-0.84056 -0.541719
-0.835101 -0.550097
-0.829558 -0.558421
-0.823932 -0.566688
-0.818224 -0.574899
-0.812435 -0.583052
-0.806563 -0.591148
-0.800612 -0.599183
-0.79458 -0.607159
-0.788469 -0.615075
-0.782279 -0.622929
-0.77601 -0.63072
-0.769665 -0.638449
-0.763242 -0.646113
-0.756742 -0.653713
-0.750168 -0.661248
-0.743518 -0.668716
-0.736794 -0.676118
-0.729996 -0.683452
-0.723125 -0.690718
-0.716181 -0.697914
-0.709167 -0.705041
-0.702081 -0.712097
-0.694925 -0.719082
-0.687699 -0.725995
-0.680405 -0.732836
-0.673043 -0.739603
-0.665613 -0.746297
-0.658117 -0.752915
-0.650555 -0.759459
-0.642928 -0.765926
-0.635237 -0.772317
-0.627482 -0.778631
-0.619665 -0.784867
-0.611785 -0.791024
-0.603845 -0.797102
-0.595843 -0.803101
-0.587783 -0.809019
-0.579663 -0.814856
-0.571486 -0.820612
-0.563251 -0.826286
-0.554961 -0.831877
-0.546614 -0.837385
-0.538213 -0.842809
-0.529758 -0.848149
-0.52125 -0.853404
-0.51269 -0.858574
-0.504079 -0.863657
-0.495418 -0.868655
-0.486706 -0.873566
-0.477947 -0.878389
-0.469139 -0.883124
-0.460284 -0.887772
-0.451384 -0.89233
-0.442438 -0.896799
-0.433448 -0.901179
-0.424415 -0.905468
-0.415339 -0.909667
-0.406222 -0.913775
-0.397064 -0.917791
-0.387866 -0.921716
-0.37863 -0.925548
-0.369356 -0.929288
-0.360044 -0.932935
-0.350697 -0.936489
-0.341315 -0.939949
-0.331899 -0.943315
-0.322449 -0.946587
-0.312967 -0.949764
-0.303454 -0.952846
-0.293911 -0.955833
-0.284338 -0.958724
-0.274736 -0.96152
-0.265108 -0.964219
-0.255452 -0.966822
-0.245771 -0.969328
-0.236066 -0.971737
-0.226337 -0.974049
-0.216585 -0.976264
-0.206812 -0.978381
-0.197018 -0.9804
-0.187204 -0.982321
-0.177372 -0.984144
-0.167522 -0.985868
-0.157655 -0.987494
-0.147772 -0.989021
-0.137875 -0.99045
-0.127964 -0.991779
-0.11804 -0.993009
-0.108104 -0.99414
-0.0981572 -0.995171
-0.0882008 -0.996103
-0.0782355 -0.996935
-0.0682624 -0.997667
-0.0582825 -0.9983
-0.0482967 -0.998833
-0.0383061 -0.999266
-0.0283117 -0.999599
-0.0183145 -0.999832
-0.00831542 -0.999965
0.00168448 -0.999999
0.0116842 -0.999932
0.0216828 -0.999765
0.0316792 -0.999498
0.0416724 -0.999131
0.0516615 -0.998665
0.0616454 -0.998098
0.0716231 -0.997432
0.0815937 -0.996666
0.0915561 -0.9958
0.101509 -0.994835
0.111452 -0.99377
0.121384 -0.992606
0.131304 -0.991342
0.141211 -0.98998
0.151103 -0.988518
0.160981 -0.986958
0.170842 -0.985298
0.180687 -0.983541
0.190513 -0.981685
0.20032 -0.979731
0.210107 -0.977678
0.219873 -0.975528
0.229617 -0.973281
0.239338 -0.970936
0.249036 -0.968494
0.258708 -0.965956
0.268355 -0.96332
0.277974 -0.960589
0.287566 -0.957761
0.297129 -0.954837
0.306662 -0.951818
0.316165 -0.948704
0.325636 -0.945495
0.335075 -0.942192
0.34448 -0.938794
0.35385 -0.935302
0.363185 -0.931717
0.372484 -0.928039
0.381746 -0.924267
0.390969 -0.920404
0.400154 -0.916448
0.409298 -0.912401
0.418401 -0.908262
0.427463 -0.904033
0.436482 -0.899713
0.445457 -0.895303
0.454387 -0.890804
0.463273 -0.886216
0.472111 -0.881539
0.480903 -0.876774
0.489647 -0.871921
0.498341 -0.866981
0.506986 -0.861954
0.51558 -0.856841
0.524123 -0.851643
0.532613 -0.846359
0.541049 -0.840991
0.549432 -0.835538
0.55776 -0.830002
0.566032 -0.824383
0.574247 -0.818682
0.582405 -0.812899
0.590505 -0.807034
0.598546 -0.801089
0.606527 -0.795063
0.614447 -0.788958
0.622305 -0.782775
0.630102 -0.776512
0.637835 -0.770173
0.645505 -0.763756
0.65311 -0.757263
0.66065 -0.750694
0.668124 -0.74405
0.675531 -0.737332
0.68287 -0.73054
0.690141 -0.723675
0.697344 -0.716737
0.704476 -0.709728
0.711538 -0.702648
0.718529 -0.695497
0.725448 -0.688277
0.732294 -0.680989
0.739067 -0.673632
0.745766 -0.666208
0.752391 -0.658717
0.758941 -0.65116
0.765414 -0.643538
0.771811 -0.635852
0.778131 -0.628102
0.784373 -0.62029
0.790536 -0.612415
0.796621 -0.604479
0.802626 -0.596483
0.80855 -0.588427
0.814394 -0.580312
0.820156 -0.572139
0.825837 -0.563909
0.831434 -0.555623
0.836949 -0.547281
0.84238 -0.538884
0.847727 -0.530433
0.852988 -0.52193
0.858165 -0.513374
0.863256 -0.504767
0.86826 -0.496109
0.873178 -0.487402
0.878008 -0.478646
0.882751 -0.469842
0.887405 -0.460991
0.89197 -0.452094
0.896446 -0.443152
0.900833 -0.434166
0.90513 -0.425136
0.909336 -0.416063
0.913451 -0.406949
0.917474 -0.397795
0.921406 -0.3886
0.925246 -0.379367
0.928994 -0.370096
0.932648 -0.360787
0.936209 -0.351443
0.939677 -0.342063
0.94305 -0.33265
0.94633 -0.323203
0.949514 -0.313723
0.952604 -0.304213
0.955599 -0.294672
0.958497 -0.285101
0.961301 -0.275502
0.964007 -0.265875
0.966618 -0.256222
0.969132 -0.246543
0.971549 -0.23684
0.973868 -0.227113
0.976091 -0.217363
0.978216 -0.207591
0.980243 -0.197799
0.982172 -0.187987
0.984002 -0.178156
0.985735 -0.168307
0.987368 -0.158441
0.988903 -0.14856
0.99034 -0.138664
0.991677 -0.128753
0.992915 -0.11883
0.994053 -0.108895
0.995092 -0.0989497
0.996032 -0.088994
0.996872 -0.0790293
0.997613 -0.0690568
0.998253 -0.0590774
0.998794 -0.0490921
0.999235 -0.0391019
0.999576 -0.0291077
0.999817 -0.0191107
0.999958 -0.00911172
1 0.000888157
0.999941 0.0108879
0.999782 0.0208866
0.999523 0.0308832
0.999164 0.0408768
0.998705 0.0508662
0.998147 0.0608505
0.997488 0.0708288
0.99673 0.0808
0.995873 0.0907631
0.994915 0.100717
0.993858 0.110661
0.992702 0.120594
0.991446 0.130515
0.990092 0.140423
0.988638 0.150316
0.987085 0.160195
0.985434 0.170058
0.983684 0.179903
0.981836 0.189731
0.97989 0.19954
0.977845 0.209328
0.975703 0.219096
0.973464 0.228842
0.971126 0.238565
0.968692 0.248264
0.966161 0.257939
0.963534 0.267587
0.96081 0.277209
0.95799 0.286803
0.955074 0.296369
0.952062 0.305904
0.948956 0.31541
0.945754 0.324883
0.942458 0.334324
0.939068 0.343732
0.935584 0.353105
0.932006 0.362443
0.928335 0.371745
0.924571 0.38101
0.920715 0.390236
0.916766 0.399424
0.912726 0.408571
0.908595 0.417678
0.904373 0.426743
0.90006 0.435765
0.895658 0.444744
0.891166 0.453678
0.886584 0.462567
0.881915 0.471409
0.877156 0.480205
0.872311 0.488952
0.867378 0.497651
0.862358 0.506299
0.857252 0.514898
0.85206 0.523444
0.846783 0.531938
0.841421 0.54038
0.835976 0.548767
0.830446 0.557099
0.824834 0.565375
0.819139 0.573595
0.813362 0.581758
0.807504 0.589862
0.801565 0.597908
0.795546 0.605893
0.789447 0.613818
0.78327 0.621682
0.777014 0.629483
0.77068 0.637222
0.76427 0.644897
0.757783 0.652507
0.75122 0.660052
0.744582 0.667531
0.737869 0.674944
0.731083 0.682288
0.724224 0.689565
0.717292 0.696773
0.710289 0.703911
0.703214 0.710978
0.696069 0.717975
0.688855 0.724899
0.681572 0.731751
0.67422 0.73853
0.666801 0.745236
0.659316 0.751866
0.651764 0.758422
0.644147 0.764901
0.636466 0.771304
0.628722 0.77763
0.620914 0.783879
0.613044 0.790049
0.605113 0.796139
0.597122 0.802151
0.589071 0.808082
0.58096 0.813932
0.572792 0.819701
0.564567 0.825387
0.556285 0.830992
0.547947 0.836513
0.539555 0.841951
0.531108 0.847304
0.522609 0.852573
0.514057 0.857756
0.505454 0.862853
0.4968 0.867865
0.488097 0.872789
0.479345 0.877627
0.470545 0.882376
0.461698 0.887037
0.452804 0.89161
0.443866 0.896093
0.434883 0.900487
0.425856 0.904791
0.416787 0.909004
0.407677 0.913126
0.398525 0.917157
0.389334 0.921097
0.380103 0.924944
0.370835 0.928699
0.36153 0.932361
0.352188 0.935929
0.342812 0.939404
0.333401 0.942785
0.323956 0.946072
0.314479 0.949264
0.304971 0.952362
0.295432 0.955364
0.285864 0.95827
0.276267 0.961081
0.266643 0.963795
0.256992 0.966414
0.247315 0.968935
0.237613 0.97136
0.227888 0.973687
0.21814 0.975917
0.20837 0.97805
0.198579 0.980085
0.188769 0.982022
0.178939 0.98386
0.169092 0.9856
0.159228 0.987242
0.149347 0.988785
0.139452 0.990229
0.129543 0.991574
0.119621 0.99282
0.109687 0.993966
0.099742 0.995013
0.0897871 0.995961
0.0798232 0.996809
0.0698512 0.997557
0.0598723 0.998206
0.0498875 0.998755
0.0398976 0.999204
0.0299037 0.999553
0.0199069 0.999802
0.00990801 0.999951
-9.18301e-05 1
-0.0100917 0.999949
-0.0200905 0.999798
-0.0300873 0.999547
-0.0400811 0.999196
-0.0500709 0.998746
-0.0600557 0.998195
-0.0700345 0.997545
-0.0800062 0.996794
-0.08997 0.995944
-0.0999248 0.994995
-0.10987 0.993946
-0.119803 0.992798
-0.129725 0.99155
-0.139634 0.990203
-0.149529 0.988757
-0.159409 0.987213
-0.169273 0.985569
-0.17912 0.983827
-0.188949 0.981987
-0.198759 0.980048
-0.20855 0.978012
-0.218319 0.975877
-0.228067 0.973645
-0.237792 0.971316
-0.247493 0.96889
-0.257169 0.966366
-0.26682 0.963746
-0.276444 0.96103
-0.28604 0.958218
-0.295608 0.955309
-0.305146 0.952306
-0.314654 0.949207
-0.32413 0.946013
-0.333574 0.942724
-0.342984 0.939341
-0.35236 0.935864
-0.361701 0.932294
-0.371006 0.928631
-0.380273 0.924874
-0.389503 0.921025
-0.398694 0.917084
-0.407844 0.913051
-0.416954 0.908927
-0.426023 0.904713
-0.435048 0.900407
-0.44403 0.896012
-0.452968 0.891527
-0.461861 0.886953
-0.470707 0.88229
-0.479506 0.877539
-0.488257 0.8727
-0.49696 0.867774
-0.505613 0.862761
-0.514215 0.857661
-0.522766 0.852477
-0.531264 0.847206
-0.539709 0.841851
-0.548101 0.836412
-0.556437 0.83089
-0.564718 0.825284
-0.572943 0.819595
-0.58111 0.813825
-0.589219 0.807973
-0.597269 0.802041
-0.60526 0.796028
-0.613189 0.789936
-0.621058 0.783765
-0.628864 0.777515
-0.636608 0.771188
-0.644288 0.764783
-0.651903 0.758302
-0.659454 0.751745
-0.666938 0.745113
-0.674356 0.738407
-0.681706 0.731626
-0.688988 0.724773
-0.696201 0.717847
-0.703345 0.710849
-0.710418 0.70378
-0.71742 0.696641
-0.72435 0.689432
-0.731208 0.682154
-0.737993 0.674808
-0.744704 0.667394
-0.751341 0.659914
-0.757902 0.652368
-0.764388 0.644756
-0.770797 0.63708
-0.77713 0.629341
-0.783384 0.621538
-0.78956 0.613673
-0.795657 0.605747
-0.801675 0.59776
-0.807612 0.589714
-0.813469 0.581608
-0.819244 0.573445
-0.824938 0.565224
-0.830549 0.556946
-0.836076 0.548613
-0.841521 0.540225
-0.846881 0.531783
-0.852156 0.523288
-0.857346 0.51474
-0.862451 0.506141
-0.867469 0.497491
-0.8724 0.488792
-0.877245 0.480044
-0.882001 0.471247
-0.886669 0.462404
-0.891249 0.453514
-0.89574 0.444579
-0.90014 0.4356
-0.904451 0.426577
-0.908672 0.417511
-0.912801 0.408404
-0.91684 0.399255
-0.920786 0.390067
-0.924641 0.38084
-0.928403 0.371575
-0.932072 0.362272
-0.935648 0.352933
-0.939131 0.34356
-0.942519 0.334151
-0.945814 0.324709
-0.949014 0.315235
-0.952118 0.305729
-0.955128 0.296193
-0.958042 0.286627
-0.960861 0.277033
-0.963583 0.26741
-0.966209 0.257761
-0.968738 0.248086
-0.97117 0.238387
-0.973506 0.228663
-0.975743 0.218917
-0.977884 0.209149
-0.979926 0.19936
-0.981871 0.189551
-0.983717 0.179723
-0.985465 0.169877
-0.987115 0.160014
-0.988666 0.150135
-0.990117 0.140241
-0.99147 0.130333
-0.992724 0.120412
-0.993879 0.110479
-0.994934 0.100534
-0.995889 0.0905802
-0.996745 0.0806169
-0.997501 0.0706456
-0.998158 0.0606672
-0.998715 0.0506828
-0.999172 0.0406933
-0.999529 0.0306997
-0.999786 0.020703
-0.999943 0.0107043
-1 0.000704497
-0.999957 -0.00929537
-0.999814 -0.0192943
-0.999571 -0.0292913
-0.999228 -0.0392854
-0.998785 -0.0492755
-0.998243 -0.0592608
-0.9976 -0.0692401
-0.996858 -0.0792124
-0.996016 -0.0891769
-0.995074 -0.0991324
-0.994033 -0.109078
-0.992893 -0.119013
-0.991653 -0.128936
-0.990314 -0.138845
-0.988876 -0.148742
-0.987339 -0.158623
-0.985704 -0.168488
-0.98397 -0.178336
-0.982137 -0.188167
-0.980206 -0.197979
-0.978178 -0.207771
-0.976051 -0.217542
-0.973827 -0.227292
-0.971505 -0.237018
-0.969086 -0.246721
-0.966571 -0.2564
-0.963959 -0.266052
-0.96125 -0.275679
-0.958445 -0.285277
-0.955544 -0.294847
-0.952548 -0.304388
-0.949457 -0.313898
-0.94627 -0.323376
-0.942989 -0.332823
-0.939614 -0.342236
-0.936145 -0.351615
-0.932582 -0.360959
-0.928926 -0.370266
-0.925177 -0.379537
-0.921335 -0.388769
-0.917401 -0.397963
-0.913376 -0.407117
-0.909259 -0.41623
-0.905052 -0.425302
-0.900753 -0.434331
-0.896365 -0.443317
-0.891887 -0.452258
-0.88732 -0.461154
-0.882664 -0.470004
-0.87792 -0.478807
-0.873088 -0.487562
-0.868169 -0.496269
-0.863163 -0.504925
-0.858071 -0.513532
-0.852893 -0.522086
-0.847629 -0.530589
-0.842281 -0.539039
-0.836849 -0.547435
-0.831332 -0.555775
-0.825733 -0.564061
-0.820051 -0.57229
-0.814288 -0.580462
-0.808442 -0.588575
-0.802516 -0.59663
-0.79651 -0.604625
-0.790424 -0.61256
-0.784259 -0.620434
-0.778016 -0.628245
-0.771694 -0.635994
-0.765296 -0.643679
-0.758821 -0.651299
-0.75227 -0.658855
-0.745644 -0.666344
-0.738943 -0.673767
-0.732169 -0.681123
-0.725321 -0.688411
-0.718401 -0.695629
-0.711409 -0.702778
-0.704346 -0.709857
-0.697212 -0.716865
-0.690009 -0.723801
-0.682736 -0.730665
-0.675395 -0.737456
-0.667987 -0.744173
-0.660512 -0.750815
-0.652971 -0.757383
-0.645365 -0.763874
-0.637694 -0.77029
-0.629959 -0.776628
-0.622162 -0.782889
-0.614302 -0.789071
-0.606381 -0.795175
-0.598399 -0.801199
-0.590357 -0.807142
-0.582256 -0.813006
-0.574097 -0.818787
-0.565881 -0.824487
-0.557607 -0.830105
-0.549279 -0.835639
-0.540895 -0.84109
-0.532457 -0.846457
-0.523966 -0.851739
-0.515423 -0.856936
-0.506828 -0.862047
-0.498182 -0.867072
-0.489487 -0.872011
-0.480742 -0.876862
-0.47195 -0.881626
-0.46311 -0.886301
-0.454224 -0.890888
-0.445292 -0.895385
-0.436316 -0.899793
-0.427297 -0.904111
-0.418235 -0.908339
-0.40913 -0.912476
-0.399985 -0.916522
-0.3908 -0.920476
-0.381576 -0.924337
-0.372314 -0.928107
-0.363014 -0.931784
-0.353678 -0.935367
-0.344307 -0.938857
-0.334902 -0.942253
-0.325463 -0.945555
-0.315991 -0.948762
-0.306488 -0.951875
-0.296954 -0.954892
-0.28739 -0.957814
-0.277798 -0.96064
-0.268178 -0.963369
-0.258531 -0.966003
-0.248858 -0.96854
-0.23916 -0.97098
-0.229439 -0.973323
-0.219694 -0.975569
-0.209928 -0.977717
-0.20014 -0.979767
-0.190332 -0.98172
-0.180506 -0.983574
-0.170661 -0.98533
-0.1608 -0.986987
-0.150922 -0.988546
-0.141029 -0.990005
-0.131122 -0.991366
-0.121202 -0.992628
-0.11127 -0.99379
-0.101327 -0.994853
-0.0913732 -0.995817
-0.0814106 -0.996681
-0.0714399 -0.997445
-0.0614621 -0.998109
-0.0514781 -0.998674
-0.0414889 -0.999139
-0.0314956 -0.999504
-0.0214992 -0.999769
-0.0115006 -0.999934
-0.00150082 -0.999999
0.00849907 -0.999964
0.0184981 -0.999829
0.0284953 -0.999594
0.0384897 -0.999259
0.0484802 -0.998824
0.0584658 -0.998289
0.0684456 -0.997655
0.0784186 -0.996921
0.0883837 -0.996087
0.09834 -0.995153
0.108286 -0.99412
0.118222 -0.992987
0.128146 -0.991755
0.138057 -0.990424
0.147954 -0.988994
0.157836 -0.987465
0.167703 -0.985838
0.177553 -0.984111
0.187385 -0.982287
0.197198 -0.980364
0.206992 -0.978343
0.216765 -0.976224
0.226516 -0.974007
0.236245 -0.971694
0.24595 -0.969283
0.25563 -0.966775
0.265285 -0.96417
0.274913 -0.961469
0.284514 -0.958672
0.294086 -0.955779
0.303629 -0.95279
0.313142 -0.949706
0.322623 -0.946528
0.332072 -0.943254
0.341488 -0.939886
0.350869 -0.936424
0.360216 -0.932869
0.369526 -0.92922
0.3788 -0.925479
0.388036 -0.921644
0.397232 -0.917718
0.40639 -0.9137
0.415506 -0.90959
0.424581 -0.90539
0.433614 -0.901099
0.442603 -0.896718
0.451548 -0.892247
0.460447 -0.887687
0.469301 -0.883038
0.478108 -0.878301
0.486867 -0.873476
0.495577 -0.868564
0.504238 -0.863565
0.512848 -0.858479
0.521407 -0.853308
0.529914 -0.848051
0.538368 -0.84271
0.546768 -0.837284
0.555113 -0.831775
0.563403 -0.826182
0.571637 -0.820507
0.579813 -0.81475
0.587931 -0.808911
0.595991 -0.802991
0.603991 -0.796991
0.611931 -0.790912
0.619809 -0.784753
0.627625 -0.778516
0.635379 -0.7722
0.643069 -0.765808
0.650695 -0.759339
0.658256 -0.752795
0.665751 -0.746174
0.673179 -0.73948
0.68054 -0.732711
0.687833 -0.725869
0.695057 -0.718955
0.702212 -0.711968
0.709296 -0.704911
0.71631 -0.697783
0.723252 -0.690585
0.730121 -0.683318
0.736918 -0.675983
0.743641 -0.66858
0.750289 -0.66111
0.756863 -0.653574
0.76336 -0.645973
0.769782 -0.638307
0.776126 -0.630578
0.782393 -0.622785
0.788582 -0.61493
0.794691 -0.607014
0.800722 -0.599036
0.806672 -0.590999
0.812542 -0.582903
0.81833 -0.574749
0.824036 -0.566537
0.82966 -0.558268
0.835202 -0.549944
0.840659 -0.541565
0.846033 -0.533131
0.851322 -0.524644
0.856525 -0.516105
0.861644 -0.507514
0.866675 -0.498872
0.871621 -0.490181
0.876479 -0.48144
0.881249 -0.472651
0.885932 -0.463816
0.890526 -0.454933
0.89503 -0.446005
0.899446 -0.437033
0.903771 -0.428017
0.908006 -0.418958
0.91215 -0.409857
0.916203 -0.400715
0.920164 -0.391533
0.924033 -0.382312
0.92781 -0.373053
0.931494 -0.363756
0.935085 -0.354423
0.938583 -0.345055
0.941986 -0.335652
0.945295 -0.326215
0.94851 -0.316746
0.95163 -0.307245
0.954655 -0.297714
0.957584 -0.288153
0.960418 -0.278563
0.963156 -0.268945
0.965797 -0.2593
0.968342 -0.249629
0.970789 -0.239933
0.97314 -0.230214
0.975394 -0.220471
0.977549 -0.210706
0.979608 -0.20092
0.981568 -0.191114
0.98343 -0.181289
0.985194 -0.171446
0.986859 -0.161586
0.988425 -0.151709
0.989893 -0.141817
0.991261 -0.131912
0.992531 -0.121993
0.993701 -0.112061
0.994772 -0.102119
0.995744 -0.0921662
0.996616 -0.0822043
0.997388 -0.0722342
0.99806 -0.0622569
0.998633 -0.0522733
0.999106 -0.0422845
0.999478 -0.0322915
0.999751 -0.0222953
0.999924 -0.0122968
0.999997 -0.00229715
0.99997 0.00770277
0.999843 0.0177019
0.999616 0.0276993
0.999289 0.0376939
0.998862 0.0476848
0.998336 0.0576708
0.997709 0.0676511
0.996983 0.0776247
0.996157 0.0875905
0.995231 0.0975475
0.994206 0.107495
0.993081 0.117431
0.991857 0.127356
0.990534 0.137268
0.989112 0.147166
0.987591 0.15705
0.985971 0.166918
0.984252 0.176769
0.982435 0.186603
0.98052 0.196417
0.978507 0.206213
0.976396 0.215987
0.974188 0.22574
0.971881 0.235471
0.969478 0.245178
0.966978 0.25486
0.964381 0.264517
0.961688 0.274147
0.958898 0.28375
0.956013 0.293325
0.953032 0.30287
0.949956 0.312385
0.946784 0.321869
0.943518 0.331321
0.940158 0.340739
0.936704 0.350123
0.933156 0.359473
0.929514 0.368786
0.92578 0.378063
0.921953 0.387302
0.918034 0.396502
0.914023 0.405662
0.909921 0.414782
0.905728 0.42386
0.901444 0.432896
0.89707 0.441889
0.892606 0.450837
0.888053 0.45974
0.883412 0.468598
0.878682 0.477408
0.873864 0.486171
0.868958 0.494885
0.863966 0.50355
0.858887 0.512164
0.853723 0.520727
0.848473 0.529239
0.843138 0.537697
0.837719 0.546101
0.832217 0.554451
0.826631 0.562745
0.820962 0.570983
0.815211 0.579164
0.809379 0.587287
0.803465 0.595351
0.797472 0.603356
0.791399 0.611301
0.785246 0.619184
0.779015 0.627005
0.772706 0.634764
0.76632 0.642459
0.759857 0.65009
0.753318 0.657656
0.746704 0.665156
0.740016 0.67259
0.733253 0.679956
0.726417 0.687255
0.719508 0.694484
0.712527 0.701644
0.705475 0.708735
0.698353 0.715754
0.69116 0.722701
0.683899 0.729577
0.676569 0.736379
0.669172 0.743108
0.661707 0.749762
0.654177 0.756342
0.646581 0.762846
0.63892 0.769273
0.631195 0.775624
0.623408 0.781897
0.615558 0.788092
0.607646 0.794208
0.599674 0.800245
0.591642 0.806201
0.58355 0.812077
0.5754 0.817872
0.567193 0.823585
0.558929 0.829216
0.550609 0.834763
0.542234 0.840228
0.533805 0.845608
0.525322 0.850904
0.516787 0.856114
0.5082 0.861239
0.499562 0.866278
0.490875 0.87123
0.482138 0.876095
0.473353 0.880873
0.464521 0.885562
0.455642 0.890163
0.446718 0.894675
0.437749 0.899097
0.428736 0.90343
0.419681 0.907672
0.410583 0.911823
0.401445 0.915883
0.392266 0.919852
0.383048 0.923729
0.373791 0.927513
0.364498 0.931204
0.355168 0.934803
0.345802 0.938307
0.336402 0.941719
0.326968 0.945035
0.317501 0.948258
0.308003 0.951385
0.298474 0.954418
0.288915 0.957355
0.279327 0.960196
0.269712 0.962941
0.260069 0.96559
0.2504 0.968142
0.240706 0.970598
0.230988 0.972956
0.221247 0.975218
0.211484 0.977381
0.2017 0.979447
0.191896 0.981415
0.182072 0.983285
0.17223 0.985057
0.162371 0.98673
0.152496 0.988304
0.142606 0.98978
0.132701 0.991156
0.122783 0.992434
0.112853 0.993612
0.102911 0.994691
0.0929591 0.99567
0.0829979 0.99655
0.0730284 0.99733
0.0630516 0.99801
0.0530685 0.998591
0.0430801 0.999072
0.0330874 0.999452
0.0230914 0.999733
0.0130931 0.999914
0.00309347 0.999995
-0.00690647 0.999976
-0.0169057 0.999857
-0.0269033 0.999638
-0.0368981 0.999319
-0.0468893 0.9989
-0.0568758 0.998381
-0.0668566 0.997763
-0.0768307 0.997044
-0.0867972 0.996226
-0.0967549 0.995308
-0.106703 0.994291
-0.11664 0.993174
-0.126566 0.991958
-0.136479 0.990643
-0.146379 0.989229
-0.156263 0.987715
-0.166133 0.986103
-0.175985 0.984393
-0.18582 0.982584
-0.195637 0.980676
-0.205433 0.978671
-0.21521 0.976568
-0.224964 0.974367
-0.234697 0.972069
-0.244405 0.969673
-0.25409 0.967181
-0.263749 0.964591
-0.273381 0.961906
-0.282987 0.959124
-0.292563 0.956246
-0.302111 0.953273
-0.311629 0.950204
-0.321115 0.94704
-0.330569 0.943782
-0.33999 0.940429
-0.349377 0.936982
-0.35873 0.933442
-0.368046 0.929808
-0.377325 0.926081
-0.386567 0.922261
-0.39577 0.91835
-0.404934 0.914346
-0.414057 0.910251
-0.423139 0.906065
-0.432178 0.901788
-0.441174 0.897422
-0.450126 0.892965
-0.459033 0.888419
-0.467894 0.883785
-0.476708 0.879061
-0.485475 0.87425
-0.494193 0.869352
-0.502862 0.864367
-0.51148 0.859295
-0.520047 0.854137
-0.528563 0.848894
-0.537025 0.843566
-0.545434 0.838154
-0.553788 0.832658
-0.562087 0.827078
-0.570329 0.821416
-0.578515 0.815672
-0.586642 0.809846
-0.594711 0.803939
-0.602721 0.797952
-0.61067 0.791885
-0.618558 0.785739
-0.626385 0.779514
-0.634148 0.773211
-0.641849 0.766831
-0.649485 0.760375
-0.657056 0.753842
-0.664561 0.747234
-0.672 0.740551
-0.679372 0.733794
-0.686676 0.726964
-0.693911 0.720061
-0.701077 0.713086
-0.708173 0.706039
-0.715197 0.698922
-0.722151 0.691736
-0.729032 0.68448
-0.73584 0.677155
-0.742575 0.669763
-0.749235 0.662304
-0.755821 0.654779
-0.762331 0.647188
-0.768764 0.639532
-0.775121 0.631813
-0.7814 0.62403
-0.787601 0.616185
-0.793724 0.608278
-0.799767 0.600311
-0.80573 0.592283
-0.811612 0.584197
-0.817413 0.576051
-0.823133 0.567849
-0.82877 0.559589
-0.834325 0.551273
-0.839796 0.542903
-0.845182 0.534478
-0.850485 0.525999
-0.855702 0.517468
-0.860834 0.508886
-0.86588 0.500252
-0.870839 0.491568
-0.875711 0.482836
-0.880496 0.474054
-0.885192 0.465226
-0.8898 0.456351
-0.894319 0.44743
-0.898748 0.438465
-0.903088 0.429456
-0.907337 0.420403
-0.911496 0.411309
-0.915563 0.402174
-0.919539 0.392998
-0.923423 0.383783
-0.927215 0.37453
-0.930914 0.365239
-0.934519 0.355912
-0.938032 0.346549
-0.94145 0.337152
-0.944775 0.32772
-0.948005 0.318257
-0.95114 0.308761
-0.95418 0.299234
-0.957124 0.289677
-0.959973 0.280092
-0.962726 0.270478
-0.965383 0.260838
-0.967943 0.251171
-0.970406 0.241479
-0.972772 0.231763
-0.975041 0.222024
-0.977213 0.212263
-0.979286 0.20248
-0.981262 0.192677
-0.98314 0.182855
-0.984919 0.173015
-0.9866 0.163157
-0.988182 0.153283
-0.989666 0.143394
-0.99105 0.13349
-0.992335 0.123573
-0.993522 0.113644
-0.994608 0.103703
-0.995596 0.0937519
-0.996483 0.0837914
-0.997271 0.0738226
-0.99796 0.0638463
-0.998548 0.0538637
-0.999037 0.0438757
-0.999426 0.0338833
-0.999715 0.0238875
-0.999904 0.0138894
-0.999992 0.00388979
-0.999981 -0.00611016
-0.99987 -0.0161095
-0.999659 -0.0261072
-0.999348 -0.0361023
-0.998937 -0.0460939
-0.998426 -0.0560808
-0.997816 -0.0660621
-0.997105 -0.0760367
-0.996295 -0.0860038
-0.995385 -0.0959623
-0.994376 -0.105911
-0.993267 -0.115849
-0.992059 -0.125776
-0.990751 -0.13569
-0.989345 -0.145591
-0.98784 -0.155477
-0.986235 -0.165347
-0.984533 -0.175201
-0.982731 -0.185038
-0.980832 -0.194856
-0.978834 -0.204654
-0.976739 -0.214432
-0.974546 -0.224188
-0.972255 -0.233923
-0.969867 -0.243633
-0.967383 -0.25332
-0.964801 -0.262981
-0.962123 -0.272615
-0.959349 -0.282223
-0.956479 -0.291802
-0.953513 -0.301352
-0.950452 -0.310872
-0.947296 -0.320361
-0.944045 -0.329817
-0.940699 -0.339241
-0.93726 -0.348631
-0.933727 -0.357986
-0.9301 -0.367305
-0.926381 -0.376588
-0.922569 -0.385833
-0.918664 -0.395039
-0.914668 -0.404206
-0.91058 -0.413332
-0.906402 -0.422417
-0.902132 -0.43146
-0.897773 -0.440459
-0.893323 -0.449415
-0.888784 -0.458325
-0.884157 -0.46719
-0.879441 -0.476008
-0.874637 -0.484779
-0.869745 -0.493501
-0.864767 -0.502173
-0.859702 -0.510796
-0.854551 -0.519367
-0.849315 -0.527887
-0.843994 -0.536353
-0.838588 -0.544766
-0.833099 -0.553125
-0.827526 -0.561428
-0.82187 -0.569675
-0.816132 -0.577865
-0.810313 -0.585997
-0.804413 -0.594071
-0.798432 -0.602085
-0.792371 -0.610039
-0.786231 -0.617932
-0.780013 -0.625764
-0.773716 -0.633532
-0.767342 -0.641238
-0.760892 -0.648879
-0.754365 -0.656455
-0.747763 -0.663966
-0.741086 -0.67141
-0.734335 -0.678787
-0.72751 -0.686097
-0.720613 -0.693337
-0.713644 -0.700509
-0.706603 -0.70761
-0.699492 -0.714641
-0.692311 -0.7216
-0.68506 -0.728487
-0.677741 -0.735301
-0.670354 -0.742041
-0.6629 -0.748708
-0.65538 -0.755299
-0.647795 -0.761815
-0.640144 -0.768255
-0.63243 -0.774618
-0.624652 -0.780903
-0.616812 -0.78711
-0.60891 -0.793239
-0.600948 -0.799288
-0.592925 -0.805258
-0.584843 -0.811147
-0.576702 -0.816954
-0.568504 -0.822681
-0.560249 -0.828324
-0.551938 -0.833885
-0.543571 -0.839363
-0.535151 -0.844757
-0.526677 -0.850066
-0.51815 -0.85529
-0.509571 -0.860429
-0.500941 -0.865481
-0.492262 -0.870447
-0.483533 -0.875326
-0.474755 -0.880118
-0.465931 -0.884821
-0.457059 -0.889436
-0.448142 -0.893962
-0.43918 -0.898399
-0.430175 -0.902746
-0.421126 -0.907002
-0.412035 -0.911168
-0.402903 -0.915243
-0.39373 -0.919226
-0.384518 -0.923117
-0.375268 -0.926916
-0.36598 -0.930623
-0.356656 -0.934236
-0.347296 -0.937756
-0.337901 -0.941182
-0.328473 -0.944513
-0.319011 -0.947751
-0.309518 -0.950894
-0.299994 -0.953941
-0.29044 -0.956893
-0.280856 -0.95975
-0.271245 -0.96251
-0.261606 -0.965175
-0.251942 -0.967742
-0.242252 -0.970213
-0.232538 -0.972587
-0.2228 -0.974864
-0.213041 -0.977043
-0.20326 -0.979125
-0.193459 -0.981108
-0.183638 -0.982994
-0.173799 -0.984781
-0.163943 -0.98647
-0.15407 -0.98806
-0.144182 -0.989551
-0.134279 -0.990944
-0.124363 -0.992237
-0.114435 -0.993431
-0.104495 -0.994525
-0.0945447 -0.995521
-0.0845849 -0.996416
-0.0746167 -0.997212
-0.064641 -0.997909
-0.0546589 -0.998505
-0.0446713 -0.999002
-0.0346792 -0.999398
-0.0246836 -0.999695
-0.0146856 -0.999892
-0.00468611 -0.999989
0.00531384 -0.999986
0.0153133 -0.999883
0.0253112 -0.99968
0.0353065 -0.999377
0.0452984 -0.998974
0.0552857 -0.998471
0.0652674 -0.997868
0.0752427 -0.997165
0.0852104 -0.996363
0.0951696 -0.995461
0.105119 -0.99446
0.115058 -0.993359
0.124986 -0.992158
0.134901 -0.990859
0.144803 -0.989461
0.15469 -0.987963
0.164562 -0.986367
0.174417 -0.984672
0.184255 -0.982878
0.194074 -0.980987
0.203874 -0.978997
0.213654 -0.976909
0.223412 -0.974724
0.233148 -0.972441
0.242861 -0.970061
0.252549 -0.967584
0.262212 -0.96501
0.271849 -0.96234
0.281459 -0.959573
0.29104 -0.956711
0.300593 -0.953753
0.310115 -0.950699
0.319606 -0.94755
0.329066 -0.944307
0.338492 -0.940969
0.347885 -0.937537
0.357242 -0.934012
0.366565 -0.930393
0.37585 -0.926681
0.385098 -0.922876
0.394307 -0.918979
0.403477 -0.91499
0.412607 -0.910909
0.421695 -0.906738
0.430741 -0.902476
0.439744 -0.898123
0.448703 -0.893681
0.457618 -0.889149
0.466486 -0.884529
0.475308 -0.87982
0.484082 -0.875023
0.492808 -0.870138
0.501485 -0.865167
0.510111 -0.860109
0.518686 -0.854965
0.52721 -0.849735
0.535681 -0.844421
0.544098 -0.839022
0.552461 -0.833539
0.560769 -0.827973
0.56902 -0.822324
0.577215 -0.816592
0.585352 -0.810779
0.59343 -0.804885
0.601449 -0.798911
0.609408 -0.792857
0.617306 -0.786723
0.625142 -0.780511
0.632916 -0.77422
0.640626 -0.767853
0.648273 -0.761408
0.655854 -0.754887
0.66337 -0.748291
0.67082 -0.74162
0.678202 -0.734875
0.685517 -0.728056
0.692763 -0.721165
0.69994 -0.714201
0.707047 -0.707166
0.714083 -0.700061
0.721048 -0.692885
0.727941 -0.68564
0.734761 -0.678326
0.741507 -0.670945
0.748179 -0.663496
0.754777 -0.655982
0.761299 -0.648401
0.767745 -0.640756
0.774114 -0.633047
0.780405 -0.625274
0.786619 -0.617439
0.792754 -0.609542
0.79881 -0.601584
0.804785 -0.593566
0.810681 -0.585488
0.816495 -0.577353
0.822228 -0.569159
0.827878 -0.560908
0.833446 -0.552602
0.83893 -0.54424
0.84433 -0.535823
0.849646 -0.527353
0.854877 -0.518831
0.860023 -0.510256
0.865082 -0.50163
0.870055 -0.492955
0.874941 -0.48423
0.879739 -0.475456
0.88445 -0.466635
0.889072 -0.457767
0.893605 -0.448854
0.898049 -0.439896
0.902403 -0.430893
0.906667 -0.421848
0.91084 -0.41276
0.914922 -0.403631
0.918912 -0.394462
0.922811 -0.385253
0.926617 -0.376006
0.930331 -0.366721
0.933951 -0.3574
0.937479 -0.348043
0.940912 -0.338651
0.944252 -0.329225
0.947497 -0.319766
0.950647 -0.310275
0.953702 -0.300753
0.956662 -0.291201
0.959526 -0.28162
0.962294 -0.272011
0.964966 -0.262375
