0 1 1
0.0421441 0.999112 0.999112
0.0825152 0.996596 0.996598
0.121816 0.992587 0.99259
0.160463 0.987148 0.987153
0.198706 0.980314 0.980323
0.236699 0.972105 0.972117
0.274537 0.962534 0.962551
0.312278 0.951614 0.951636
0.349959 0.939359 0.939387
0.387602 0.925784 0.925818
0.425221 0.910906 0.910947
0.462826 0.894746 0.894794
0.500422 0.877324 0.87738
0.538011 0.858665 0.858729
0.575598 0.838793 0.838867
0.613182 0.817738 0.817821
0.650764 0.795528 0.795621
0.688346 0.772195 0.772298
0.725927 0.747771 0.747884
0.763508 0.72229 0.722415
0.801088 0.69579 0.695926
0.838669 0.668306 0.668454
0.876249 0.639878 0.640038
0.913829 0.610547 0.610718
0.951409 0.580353 0.580536
0.98899 0.549338 0.549534
1.02657 0.517548 0.517757
1.06415 0.485027 0.485248
1.10173 0.45182 0.452054
1.13931 0.417975 0.418221
1.17689 0.38354 0.383798
1.21447 0.348562 0.348833
1.25205 0.313093 0.313376
1.28963 0.27718 0.277475
1.32721 0.240877 0.241184
1.36479 0.204233 0.204551
1.40237 0.1673 0.16763
1.43995 0.130131 0.130472
1.47753 0.0927781 0.0931296
1.51511 0.0552942 0.0556558
1.55269 0.0177321 0.0181035
1.59027 -0.019855 -0.0194744
1.62785 -0.0574141 -0.0570248
1.66543 -0.0948921 -0.0944947
1.70301 -0.132236 -0.131831
1.74059 -0.169393 -0.168981
1.77817 -0.206311 -0.205893
1.81575 -0.242937 -0.242514
1.85333 -0.279221 -0.278792
1.89091 -0.315109 -0.314677
1.92849 -0.350553 -0.350118
1.96607 -0.385501 -0.385064
2.00365 -0.419905 -0.419466
2.04123 -0.453716 -0.453276
2.07881 -0.486885 -0.486446
2.11639 -0.519367 -0.518929
2.15397 -0.551115 -0.550679
2.19155 -0.582084 -0.581651
2.22913 -0.612231 -0.611802
2.26671 -0.641514 -0.64109
2.30429 -0.669889 -0.669472
2.34187 -0.697319 -0.696908
2.37945 -0.723763 -0.723361
2.41703 -0.749185 -0.748792
2.45461 -0.773549 -0.773166
2.49219 -0.796819 -0.796448
2.52977 -0.818964 -0.818605
2.56735 -0.839952 -0.839606
2.60493 -0.859753 -0.859422
2.64251 -0.87834 -0.878024
2.68009 -0.895686 -0.895386
2.71767 -0.911766 -0.911484
2.75525 -0.926559 -0.926295
2.79283 -0.940042 -0.939798
2.83041 -0.952197 -0.951973
2.86799 -0.963007 -0.962805
2.90557 -0.972457 -0.972277
2.94315 -0.980533 -0.980376
2.98073 -0.987223 -0.98709
3.01831 -0.992519 -0.992411
3.05589 -0.996412 -0.99633
3.09347 -0.998898 -0.998843
3.13105 -0.999973 -0.999944
3.16863 -0.999635 -0.999634
3.20621 -0.997885 -0.997913
3.24379 -0.994725 -0.994782
3.28137 -0.99016 -0.990246
3.31895 -0.984195 -0.984313
3.35653 -0.976841 -0.976989
3.39411 -0.968106 -0.968285
3.43169 -0.958004 -0.958215
3.46927 -0.946548 -0.946791
3.50685 -0.933755 -0.93403
3.54443 -0.919643 -0.919951
3.58201 -0.904232 -0.904572
3.61959 -0.887543 -0.887916
3.65717 -0.8696 -0.870006
3.69475 -0.850429 -0.850868
3.73233 -0.830056 -0.830528
3.76991 -0.808511 -0.809015
3.80749 -0.785823 -0.78636
3.84507 -0.762025 -0.762595
3.88265 -0.737151 -0.737753
3.92023 -0.711235 -0.711869
3.95781 -0.684314 -0.684979
3.99539 -0.656427 -0.657123
4.03297 -0.627612 -0.628339
4.07055 -0.597911 -0.598667
4.10813 -0.567365 -0.56815
4.14571 -0.536017 -0.53683
4.18329 -0.503912 -0.504753
4.22087 -0.471095 -0.471963
4.25845 -0.437613 -0.438506
4.29603 -0.403512 -0.404431
4.33361 -0.368841 -0.369784
4.37119 -0.333649 -0.334615
4.40877 -0.297986 -0.298973
4.44635 -0.261902 -0.26291
4.48393 -0.225448 -0.226475
4.52151 -0.188675 -0.18972
4.55909 -0.151636 -0.152697
4.59667 -0.114382 -0.115459
4.63425 -0.0769669 -0.0780578
4.67183 -0.039443 -0.0405463
4.70941 -0.00186335 -0.00297755
4.74699 0.0357189 0.0345954
4.78457 0.0732508 0.0721195
4.82215 0.110679 0.109542
4.85973 0.147951 0.146809
4.89731 0.185014 0.18387
4.93489 0.221816 0.22067
4.97247 0.258304 0.257159
5.01005 0.294428 0.293285
5.04763 0.330135 0.328997
5.08521 0.365376 0.364244
5.12279 0.400101 0.398977
5.16037 0.434261 0.433146
5.19795 0.467807 0.466704
5.23553 0.500692 0.499603
5.27311 0.53287 0.531796
5.31069 0.564296 0.563238
5.34827 0.594924 0.593885
5.38585 0.624711 0.623694
5.42343 0.653616 0.652622
5.46101 0.681598 0.680628
5.49859 0.708617 0.707673
5.53617 0.734634 0.733719
5.57375 0.759614 0.758728
5.61133 0.783521 0.782666
5.64891 0.806321 0.8055
5.68649 0.827981 0.827195
5.72407 0.848472 0.847723
5.76165 0.867765 0.867053
5.79923 0.885831 0.88516
5.83681 0.902646 0.902016
5.87439 0.918186 0.917599
5.91197 0.932428 0.931886
5.94955 0.945354 0.944857
5.98712 0.956943 0.956493
6.0247 0.967181 0.966779
6.06228 0.976053 0.9757
6.09986 0.983546 0.983244
6.13744 0.989649 0.989399
6.17502 0.994354 0.994156
6.2126 0.997654 0.99751
6.25018 0.999545 0.999455
6.28776 1.00002 0.99999
6.32534 0.99909 0.999112
6.36292 0.996744 0.996823
6.4005 0.992991 0.993126
6.43808 0.987834 0.988027
6.47566 0.981282 0.981534
6.51324 0.973344 0.973654
6.55082 0.964031 0.964399
6.5884 0.953355 0.953782
6.62598 0.941333 0.941819
6.66356 0.927981 0.928526
6.70114 0.913318 0.913921
6.73872 0.897365 0.898026
6.7763 0.880144 0.880863
6.81388 0.86168 0.862456
6.85146 0.841998 0.842832
6.88904 0.821127 0.822017
6.92662 0.799095 0.800041
6.9642 0.775935 0.776936
7.00178 0.751679 0.752733
7.03936 0.726361 0.727468
7.07694 0.700016 0.701176
7.11452 0.672683 0.673893
7.1521 0.644399 0.645659
7.18968 0.615205 0.616513
7.22726 0.585141 0.586496
7.26483 0.554252 0.555652
7.30241 0.522579 0.524023
7.33999 0.490167 0.491653
7.37757 0.457064 0.45859
7.41515 0.423314 0.424879
7.45273 0.388967 0.390568
7.49031 0.35407 0.355706
7.52789 0.318673 0.320341
7.56547 0.282825 0.284524
7.60305 0.246578 0.248305
7.64063 0.209983 0.211735
7.67821 0.173091 0.174867
7.71579 0.135954 0.137752
7.75337 0.0986256 0.100442
7.79095 0.0611576 0.0629902
7.82853 0.0236032 0.0254496
7.86611 -0.0139845 -0.012127
7.90369 -0.0515525 -0.0496864
7.94127 -0.0890478 -0.0871757
7.97885 -0.126417 -0.124542
8.01643 -0.163608 -0.161732
8.05401 -0.200568 -0.198694
8.09159 -0.237244 -0.235375
8.12917 -0.273585 -0.271724
8.16675 -0.30954 -0.30769
8.20433 -0.345058 -0.343221
8.2419 -0.380088 -0.378267
8.27948 -0.414581 -0.412779
8.31706 -0.448488 -0.446708
8.35464 -0.481762 -0.480006
8.39222 -0.514355 -0.512627
8.4298 -0.546222 -0.544524
8.46738 -0.577317 -0.575651
8.50496 -0.607596 -0.605966
8.54254 -0.637017 -0.635426
8.58012 -0.665539 -0.663988
8.6177 -0.693119 -0.691612
8.65528 -0.719721 -0.71826
8.69286 -0.745306 -0.743894
8.73044 -0.769838 -0.768477
8.76802 -0.793283 -0.791975
8.8056 -0.815607 -0.814355
8.84318 -0.836778 -0.835584
8.88076 -0.856768 -0.855634
8.91834 -0.875547 -0.874476
8.95592 -0.893089 -0.892083
8.9935 -0.90937 -0.90843
9.03108 -0.924366 -0.923495
9.06865 -0.938056 -0.937255
9.10623 -0.950421 -0.949692
9.14381 -0.961443 -0.960788
9.18139 -0.971107 -0.970528
9.21897 -0.979399 -0.978897
9.25655 -0.986308 -0.985883
9.29413 -0.991823 -0.991478
9.33171 -0.995937 -0.995672
9.36929 -0.998643 -0.998461
9.40687 -0.99994 -0.99984
9.44445 -0.999823 -0.999807
9.48203 -0.998294 -0.998362
9.51961 -0.995355 -0.995507
9.55719 -0.99101 -0.991247
9.59477 -0.985264 -0.985587
9.63235 -0.978127 -0.978535
9.66993 -0.969608 -0.970101
9.70751 -0.959719 -0.960298
9.74509 -0.948474 -0.949139
9.78266 -0.935889 -0.936639
9.82024 -0.921982 -0.922817
9.85782 -0.906773 -0.907692
9.8954 -0.890283 -0.891285
9.93298 -0.872535 -0.87362
9.97056 -0.853554 -0.854721
10.0081 -0.833368 -0.834615
10.0457 -0.812004 -0.81333
10.0833 -0.789493 -0.790898
10.1209 -0.765866 -0.767348
10.1585 -0.741158 -0.742715
10.196 -0.715403 -0.717033
10.2336 -0.688637 -0.690338
10.2712 -0.660898 -0.662669
10.3088 -0.632225 -0.634064
10.3464 -0.60266 -0.604564
10.3839 -0.572243 -0.57421
10.4215 -0.541017 -0.543045
10.4591 -0.509027 -0.511114
10.4967 -0.476318 -0.478461
10.5343 -0.442937 -0.445132
10.5718 -0.408929 -0.411175
10.6094 -0.374344 -0.376637
10.647 -0.33923 -0.341567
10.6846 -0.303636 -0.306015
10.7221 -0.267614 -0.27003
10.7597 -0.231213 -0.233665
10.7973 -0.194486 -0.19697
10.8349 -0.157484 -0.159996
10.8725 -0.12026 -0.122797
10.91 -0.0828657 -0.0854237
10.9476 -0.0453544 -0.0479302
10.9852 -0.00777893 -0.010369
11.0228 0.0298075 0.0272068
11.0604 0.0673519 0.0647441
11.0979 0.104801 0.10219
11.1355 0.142102 0.139492
11.1731 0.179203 0.176596
11.2107 0.21605 0.213452
11.2483 0.252592 0.250006
11.2858 0.288777 0.286207
11.3234 0.324555 0.322003
11.361 0.359874 0.357345
11.3986 0.394684 0.392183
11.4362 0.428937 0.426467
11.4737 0.462584 0.460148
11.5113 0.495577 0.49318
11.5489 0.527871 0.525515
11.5865 0.559419 0.557109
11.6241 0.590176 0.587915
11.6616 0.6201 0.617892
11.6992 0.649147 0.646996
11.7368 0.677278 0.675186
11.7744 0.704452 0.702423
11.8119 0.730631 0.728668
11.8495 0.755777 0.753885
11.8871 0.779856 0.778036
11.9247 0.802833 0.80109
11.9623 0.824676 0.823012
11.9998 0.845354 0.843771
12.0374 0.864838 0.86334
12.075 0.8831 0.881689
12.1126 0.900114 0.898794
12.1502 0.915857 0.914629
12.1877 0.930306 0.929173
12.2253 0.943441 0.942404
12.2629 0.955243 0.954305
12.3005 0.965696 0.964859
12.3381 0.974784 0.97405
12.3756 0.982496 0.981866
12.4132 0.988819 0.988295
12.4508 0.993745 0.993329
12.4884 0.997268 0.99696
12.526 0.999382 0.999183
12.5635 1.00008 0.999996
12.6011 0.999373 0.999397
12.6387 0.99725 0.997386
12.6763 0.993718 0.993967
12.7139 0.988783 0.989144
12.7514 0.982451 0.982925
12.789 0.974731 0.975318
12.8266 0.965634 0.966334
12.8642 0.955173 0.955985
12.9017 0.943362 0.944286
12.9393 0.930219 0.931254
12.9769 0.915761 0.916907
13.0145 0.90001 0.901266
13.0521 0.882987 0.884351
13.0896 0.864718 0.866188
13.1272 0.845226 0.846802
13.1648 0.82454 0.826221
13.2024 0.80269 0.804472
13.24 0.779706 0.781588
13.2775 0.75562 0.7576
13.3151 0.730466 0.732542
13.3527 0.704281 0.70645
13.3903 0.677101 0.67936
13.4279 0.648964 0.651311
13.4654 0.61991 0.622343
13.503 0.589981 0.592495
13.5406 0.559218 0.561811
13.5782 0.527666 0.530334
13.6158 0.495367 0.498108
13.6533 0.462369 0.465179
13.6909 0.428718 0.431592
13.7285 0.394461 0.397397
13.7661 0.359647 0.36264
13.8036 0.324325 0.327371
13.8412 0.288544 0.29164
13.8788 0.252356 0.255497
13.9164 0.215811 0.218993
13.954 0.178962 0.18218
13.9915 0.14186 0.14511
14.0291 0.104557 0.107835
14.0667 0.0671064 0.070408
14.1043 0.0295611 0.0328813
14.1419 -0.00802594 -0.00469182
14.1794 -0.0456017 -0.0422583
14.217 -0.083113 -0.0797652
14.2546 -0.120507 -0.117159
14.2922 -0.157731 -0.154388
14.3298 -0.194732 -0.191399
14.3673 -0.231457 -0.228139
14.4049 -0.267856 -0.264558
14.4425 -0.303877 -0.300603
14.4801 -0.339468 -0.336223
14.5176 -0.37458 -0.371368
14.5552 -0.409162 -0.40599
14.5928 -0.443167 -0.440038
14.6304 -0.476545 -0.473464
14.668 -0.50925 -0.506222
14.7055 -0.541236 -0.538266
14.7431 -0.572458 -0.569549
14.7807 -0.60287 -0.600028
14.8183 -0.632431 -0.629659
14.8559 -0.661099 -0.658402
14.8934 -0.688832 -0.686215
14.931 -0.715593 -0.713059
14.9686 -0.741343 -0.738896
15.0062 -0.766045 -0.76369
15.0438 -0.789665 -0.787406
15.0813 -0.81217 -0.810009
15.1189 -0.833527 -0.831469
15.1565 -0.853707 -0.851755
15.1941 -0.872681 -0.870838
15.2317 -0.890422 -0.888692
15.2692 -0.906905 -0.90529
15.3068 -0.922107 -0.920611
15.3444 -0.936007 -0.934631
15.382 -0.948584 -0.947332
15.4195 -0.959821 -0.958695
15.4571 -0.969702 -0.968705
15.4947 -0.978213 -0.977346
15.5323 -0.985343 -0.984608
15.5699 -0.99108 -0.990479
15.6074 -0.995418 -0.994952
15.645 -0.998349 -0.99802
15.6826 -0.99987 -0.999678
15.7202 -0.999978 -0.999925
15.7578 -0.998674 -0.998761
15.7953 -0.995958 -0.996185
15.8329 -0.991836 -0.992204
15.8705 -0.986313 -0.986821
15.9081 -0.979396 -0.980045
15.9457 -0.971096 -0.971885
15.9832 -0.961424 -0.962353
16.0208 -0.950394 -0.951462
16.0584 -0.938021 -0.939227
16.096 -0.924323 -0.925666
16.1335 -0.90932 -0.910798
16.1711 -0.893032 -0.894645
16.2087 -0.875482 -0.877227
16.2463 -0.856695 -0.858572
16.2839 -0.836698 -0.838704
16.3214 -0.815519 -0.817651
16.359 -0.793189 -0.795444
16.3966 -0.769737 -0.772114
16.4342 -0.745198 -0.747694
16.4718 -0.719607 -0.722218
16.5093 -0.692999 -0.695722
16.5469 -0.665412 -0.668244
16.5845 -0.636884 -0.639822
16.6221 -0.607458 -0.610497
16.6597 -0.577173 -0.58031
16.6972 -0.546072 -0.549304
16.7348 -0.5142 -0.517521
16.7724 -0.481602 -0.485009
16.81 -0.448324 -0.451811
16.8475 -0.414412 -0.417975
16.8851 -0.379914 -0.383549
16.9227 -0.34488 -0.348582
16.9603 -0.309359 -0.313122
16.9979 -0.273401 -0.27722
17.0354 -0.237056 -0.240927
17.073 -0.200377 -0.204294
17.1106 -0.163414 -0.167372
17.1482 -0.126221 -0.130214
17.1858 -0.0888489 -0.0928716
17.2233 -0.0513517 -0.0553984
17.2609 -0.0137819 -0.017847
17.2985 0.0238074 0.0197296
17.3361 0.0613631 0.0572783
17.3736 0.0988321 0.0947462
17.4112 0.136162 0.13208
17.4488 0.173299 0.169228
17.4864 0.210191 0.206136
17.524 0.246786 0.242754
17.5615 0.283033 0.279029
17.5991 0.31888 0.314909
17.6367 0.354276 0.350346
17.6743 0.389172 0.385287
17.7119 0.423519 0.419684
17.7494 0.457267 0.453489
17.787 0.490369 0.486654
17.8246 0.522778 0.519131
17.8622 0.554449 0.550875
17.8998 0.585336 0.581842
17.9373 0.615397 0.611987
17.9749 0.644589 0.641268
18.0125 0.672869 0.669643
18.0501 0.7002 0.697073
18.0876 0.726541 0.723518
18.1252 0.751856 0.748942
18.1628 0.776108 0.773308
18.2004 0.799265 0.796583
18.238 0.821292 0.818733
18.2755 0.842159 0.839726
18.3131 0.861836 0.859534
18.3507 0.880296 0.878129
18.3883 0.897513 0.895483
18.4259 0.913461 0.911573
18.4634 0.928119 0.926376
18.501 0.941466 0.939871
18.5386 0.953483 0.952038
18.5762 0.964153 0.962862
18.6137 0.973461 0.972326
18.6513 0.981394 0.980417
18.6889 0.987941 0.987123
18.7265 0.993092 0.992436
18.7641 0.99684 0.996348
18.8016 0.99918 0.998852
18.8392 1.00011 0.999947
18.8768 0.999623 0.999629
18.9144 0.997727 0.9979
18.952 0.994421 0.994762
18.9895 0.98971 0.990219
19.0271 0.983601 0.984278
19.0647 0.976102 0.976947
19.1023 0.967225 0.968237
19.1398 0.956981 0.95816
19.1774 0.945386 0.94673
19.215 0.932455 0.933963
19.2526 0.918206 0.919877
19.2902 0.902661 0.904493
19.3277 0.88584 0.887831
19.3653 0.867768 0.869916
19.4029 0.84847 0.850772
19.4405 0.827974 0.830427
19.4781 0.806308 0.80891
19.5156 0.783503 0.78625
19.5532 0.759591 0.762481
19.5908 0.734606 0.737634
19.6284 0.708583 0.711746
19.6659 0.681559 0.684853
19.7035 0.653573 0.656994
19.7411 0.624663 0.628206
19.7787 0.59487 0.598531
19.8163 0.564238 0.568012
19.8538 0.532808 0.53669
19.8914 0.500626 0.504611
19.929 0.467736 0.471819
19.9666 0.434185 0.43836
20 0.403831 0.408082
