0 0.1 0.1
0.0542107 0.0992665 0.0992695
0.106638 0.0971857 0.0971955
0.157178 0.093947 0.0939662
0.205567 0.0897651 0.0897952
0.251679 0.0848533 0.0848947
0.295569 0.0793963 0.0794487
0.337423 0.0735386 0.0736014
0.377491 0.0673871 0.0674595
0.416036 0.0610187 0.0610999
0.453311 0.0544889 0.054578
0.489541 0.0478386 0.047935
0.524925 0.0410996 0.0412023
0.559635 0.0342975 0.034406
0.59382 0.0274547 0.0275681
0.627609 0.0205912 0.0207088
0.661118 0.013726 0.0138471
0.69445 0.00687768 0.00700149
0.727701 6.47428e-05 0.000190514
0.760962 -0.006694 -0.00656708
0.79432 -0.0133791 -0.0132519
0.827863 -0.0199703 -0.0198437
0.861679 -0.026446 -0.0263209
0.895861 -0.0327832 -0.0326605
0.93051 -0.0389566 -0.0388375
0.965731 -0.0449386 -0.0448241
1.00165 -0.0506982 -0.0505894
1.03839 -0.0561999 -0.0560981
1.07612 -0.0614029 -0.0613095
1.115 -0.0662589 -0.0661751
1.15525 -0.0707097 -0.0706373
1.19708 -0.0746844 -0.0746251
1.24076 -0.0780953 -0.0780512
1.28653 -0.0808336 -0.0808071
1.33458 -0.0827677 -0.0827618
1.38494 -0.0837487 -0.0837668
1.43728 -0.0836347 -0.0836809
1.49087 -0.0823379 -0.0824159
1.5446 -0.079873 -0.0799855
1.59738 -0.0763658 -0.0765141
1.64841 -0.0720116 -0.0721948
1.6973 -0.0670165 -0.0672324
1.74398 -0.0615589 -0.0618046
1.7886 -0.0557763 -0.0560483
1.83142 -0.049768 -0.050063
1.87271 -0.0436042 -0.0439189
1.91275 -0.0373349 -0.037666
1.95177 -0.0309968 -0.0313414
1.99001 -0.0246187 -0.0249741
2.02764 -0.0182248 -0.018588
2.06485 -0.0118364 -0.0122049
2.10177 -0.00547389 -0.00584495
2.13855 0.000842859 0.00047186
2.17532 0.00709357 0.00672526
2.2122 0.0132572 0.0128942
2.24931 0.0193114 0.0189565
2.28677 0.0252321 0.0248881
2.32472 0.0309932 0.0306628
2.36329 0.0365654 0.0362516
2.40265 0.0419157 0.0416215
2.44296 0.0470062 0.0467349
2.48443 0.0517922 0.0515472
2.52728 0.0562204 0.0560053
2.5718 0.0602253 0.060044
2.61829 0.0637253 0.0635823
2.66708 0.0666176 0.0665177
2.71851 0.0687728 0.0687214
2.77276 0.0700348 0.070038
2.8297 0.0702368 0.0703012
2.88863 0.0692487 0.06938
2.94825 0.0670448 0.0672467
3.00708 0.0637384 0.064011
3.06398 0.059542 0.0598818
3.11832 0.054692 0.055093
3.17001 0.0493932 0.0498479
3.21924 0.0437997 0.0443005
3.26632 0.0380191 0.0385584
3.31162 0.0321244 0.032695
3.35549 0.0261654 0.0267607
3.39826 0.0201783 0.0207919
3.44019 0.0141908 0.014817
3.48154 0.00822682 0.00885971
3.52252 0.00230802 0.00294212
3.56331 -0.00354414 -0.00291428
3.60411 -0.00930765 -0.00868742
3.64509 -0.0149591 -0.0143539
3.68641 -0.0204733 -0.0198886
3.72825 -0.025822 -0.0252633
3.77081 -0.0309736 -0.0304467
3.8143 -0.0358919 -0.0354025
3.85894 -0.040534 -0.0400884
3.90502 -0.0448489 -0.0444536
3.95286 -0.0487739 -0.0484358
4.00282 -0.0522301 -0.0519568
4.05535 -0.0551166 -0.0549163
4.1109 -0.0573036 -0.0571854
4.16982 -0.058628 -0.0586017
4.23212 -0.0589044 -0.0589802
4.29711 -0.0579744 -0.0581608
4.3632 -0.0557928 -0.056094
4.42847 -0.0524813 -0.0528953
4.49142 -0.0482834 -0.0488019
4.54813 -0.0437412 -0.0443458
4.60294 -0.0387458 -0.0394255
4.65568 -0.0334559 -0.0341987
4.70647 -0.027988 -0.0287818
4.7556 -0.0224234 -0.0232568
4.80338 -0.0168188 -0.0176808
4.85011 -0.0112152 -0.0120955
4.89611 -0.00564456 -0.00653326
4.94165 -0.000134129 -0.00102167
4.98698 0.00529064 0.00441358
5.03235 0.0106042 0.00974679
5.07799 0.0157793 0.0149508
5.12415 0.0207863 0.0199959
5.17107 0.0255912 0.0248483
5.21904 0.0301546 0.029469
5.26837 0.0344298 0.0338116
5.31942 0.0383596 0.0378193
5.37262 0.041872 0.0414211
5.4285 0.0448747 0.0445255
5.48763 0.0472465 0.0470124
5.55061 0.0488289 0.0487245
5.61776 0.0494261 0.0494663
5.6887 0.0488397 0.0490379
5.7618 0.0469644 0.0473279
5.83463 0.0438856 0.0444117
5.90146 0.0400885 0.0407549
5.96613 0.0356238 0.0364146
6.02797 0.0307277 0.0316232
6.08695 0.0255824 0.0265621
6.14339 0.0203131 0.0213572
6.19777 0.0150018 0.0160919
6.25057 0.00970292 0.0108217
6.30222 0.00445484 0.00558629
6.35316 -0.000711852 0.000416982
6.40375 -0.00576957 -0.00465809
6.45435 -0.0106906 -0.00961085
6.5053 -0.0154448 -0.0144111
6.55694 -0.0199979 -0.0190248
6.60963 -0.0243099 -0.023412
6.66379 -0.028332 -0.0275245
6.71987 -0.032004 -0.0313028
6.77846 -0.0352487 -0.0346708
6.8402 -0.0379649 -0.0375285
6.90588 -0.0400167 -0.0397418
6.97627 -0.0412232 -0.0411309
7.05173 -0.0413626 -0.0414738
7.13137 -0.040233 -0.0405637
7.21268 -0.0377899 -0.0383434
7.29247 -0.0342282 -0.0349906
7.36407 -0.0301663 -0.0310976
7.433 -0.0255959 -0.0266691
7.49882 -0.0207381 -0.0219234
7.56176 -0.0157494 -0.0170176
7.62228 -0.0107317 -0.0120554
7.68098 -0.00575089 -0.00710458
7.73841 -0.000852153 -0.00221211
7.79511 0.00392931 0.00258557
7.85158 0.00856148 0.00725561
7.9083 0.0130112 0.0117644
7.96573 0.0172408 0.0160745
8.02439 0.0212057 0.0201412
8.08484 0.0248502 0.0239099
8.14773 0.0281034 0.0273106
8.21385 0.0308712 0.0302509
8.28415 0.0330263 0.0326052
8.35969 0.0343931 0.0342002
8.44127 0.0347414 0.034806
8.52847 0.0338306 0.0341768
8.61855 0.031562 0.0321964
8.70747 0.0281182 0.0290219
8.78692 0.0241654 0.0252821
8.86324 0.0197254 0.0210154
8.93593 0.0150414 0.0164618
9.00532 0.0102795 0.0117886
9.07207 0.00554375 0.00710301
9.13692 0.000899826 0.00247371
9.20061 -0.00360675 -0.00205133
9.26385 -0.00793816 -0.00643265
9.3273 -0.0120566 -0.0106316
9.39163 -0.0159191 -0.0146049
9.45757 -0.0194727 -0.0183001
9.52592 -0.0226491 -0.02165
9.59764 -0.025357 -0.024565
9.67391 -0.0274701 -0.0269215
9.7561 -0.0288106 -0.028544
9.84543 -0.0291355 -0.0291906
9.9417 -0.0281783 -0.0285873
10 -0.0269734 -0.0275886
